5.69108 -0.0339772 -0.999414 0.00443594 -0.0235509 -0.00363663 -0.999717 0.999146 -0.034072 -0.0234135 0.0154287 -0.00392649 0.195578 0.0412 -0.0498 
5.07287 0.00443227 0.999414 -0.0339809 -0.999716 0.00363287 -0.0235509 -0.0234136 0.0340756 0.999146 0.0211043 -0.140383 0.0436443 0.0494 -0.0414 
4.30097 -0.0339772 -0.999414 0.00443594 -0.0235509 -0.00363663 -0.999717 0.999146 -0.034072 -0.0234135 0.0155228 -0.0251378 0.195081 0.0408 -0.0498 
4.10452 0.00443961 -0.999414 0.0339809 -0.999716 -0.00364021 0.0235509 -0.0234133 -0.0340758 -0.999146 0.0205175 -0.170874 0.0641411 0.0408 -0.05 
3.8774 0.0339808 0.00443607 -0.999414 0.0235546 -0.999717 -0.00363654 -0.999146 -0.0234172 -0.0340757 -0.0156738 -0.0175198 -0.136083 0.007 -0.0494 
3.87736 0.0339808 0.00443607 -0.999414 0.0235546 -0.999717 -0.00363654 -0.999146 -0.0234172 -0.0340757 -0.0157679 0.00369154 -0.135586 0.0282 -0.0282 
3.79206 -0.0339845 0.999413 -0.00443594 -0.0235509 0.00363646 0.999717 0.999146 0.0340793 0.0234135 0.0156158 -0.0463491 0.194584 0.0494 -0.0414 
2.98455 0.00443961 -0.999414 0.0339809 -0.999716 -0.00364021 0.0235509 -0.0234133 -0.0340758 -0.999146 0.0212385 -0.170374 0.0429419 0.0414 -0.0498 
2.38445 -0.0339845 0.999413 -0.00443594 -0.0235509 0.00363646 0.999717 0.999146 0.0340793 0.0234135 0.0154276 -0.0039265 0.195578 0.0494 -0.0414 
2.24165 -0.0339772 -0.999414 0.00443594 -0.0235509 -0.00363663 -0.999717 0.999146 -0.034072 -0.0234135 0.0159567 -0.0461136 0.184593 0.0414 -0.0498 
0.939603 -0.00443582 -0.0339809 0.999414 0.999716 -0.0235472 0.00363654 0.0234098 0.999146 0.0340757 -0.0219589 0.169875 0.0282568 0.0254 -0.026 
