5.69108 -0.0339772 -0.999414 0.00443594 -0.0235509 -0.00363663 -0.999717 0.999146 -0.034072 -0.0234135 0.0154287 -0.00392649 0.195578 0.0412 -0.0498 
5.48845 -0.00443227 -0.999414 -0.0339809 0.999716 -0.00363287 -0.0235509 0.0234136 -0.0340756 0.999146 0.019819 0.149535 0.0504342 0.0414 -0.05 
5.17169 -0.00443961 0.999414 0.0339809 0.999716 0.00364021 0.0235509 0.0234133 0.0340758 -0.999146 0.0197292 0.169529 0.0509025 0.0498 -0.0418 
5.07287 0.00443227 0.999414 -0.0339809 -0.999716 0.00363287 -0.0235509 -0.0234136 0.0340756 0.999146 0.0211043 -0.140383 0.0436443 0.0494 -0.0414 
4.95436 -0.0339772 -0.999414 0.00443594 -0.0235509 -0.00363663 -0.999717 0.999146 -0.034072 -0.0234135 0.0156169 -0.0463491 0.194584 0.0408 -0.0498 
4.40197 0.0339809 -0.00443582 0.999414 0.0235472 0.999717 0.00363654 -0.999146 0.0234098 0.0340757 0.00577675 0.0040031 -0.144855 0.0274 -0.0284 
4.301 -0.0339772 -0.999414 0.00443594 -0.0235509 -0.00363663 -0.999717 0.999146 -0.034072 -0.0234135 0.0155228 -0.0251378 0.195081 0.0408 -0.0498 
4.10443 0.00443961 -0.999414 0.0339809 -0.999716 -0.00364021 0.0235509 -0.0234133 -0.0340758 -0.999146 0.0205175 -0.170874 0.0641411 0.0408 -0.05 
3.79194 -0.0339845 0.999413 -0.00443594 -0.0235509 0.00363646 0.999717 0.999146 0.0340793 0.0234135 0.0156158 -0.0463491 0.194584 0.0494 -0.0414 
3.74293 0.0339809 -0.00443582 0.999414 0.0235472 0.999717 0.00363654 -0.999146 0.0234098 0.0340757 -0.0154281 0.00392594 -0.145578 0.0274 -0.0284 
3.7429 0.0339809 -0.00443582 0.999414 0.0235472 0.999717 0.00363654 -0.999146 0.0234098 0.0340757 -0.0155222 0.0251372 -0.145081 0.0062 -0.0498 
3.74132 0.0339809 -0.00443582 0.999414 0.0235472 0.999717 0.00363654 -0.999146 0.0234098 0.0340757 -0.015334 -0.0172853 -0.146075 0.0488 -0.0074 
3.39439 -0.0339808 -0.00443607 -0.999414 -0.0235546 0.999717 -0.00363654 0.999146 0.0234172 -0.0340757 0.0154281 -0.00392705 0.195578 0.0278 -0.0278 
3.39414 -0.0339808 -0.00443607 -0.999414 -0.0235546 0.999717 -0.00363654 0.999146 0.0234172 -0.0340757 0.0155222 -0.0251383 0.195081 0.0492 -0.0068 
3.39054 0.00443961 -0.999414 0.0339809 -0.999716 -0.00364021 0.0235509 -0.0234133 -0.0340758 -0.999146 0.0212385 -0.170374 0.0429419 0.0414 -0.05 
3.29423 -0.0339808 -0.00443607 -0.999414 -0.0235546 0.999717 -0.00363654 0.999146 0.0234172 -0.0340757 0.0156738 0.0175197 0.186083 0.0068 -0.0494 
2.38446 -0.0339845 0.999413 -0.00443594 -0.0235509 0.00363646 0.999717 0.999146 0.0340793 0.0234135 0.0154276 -0.0039265 0.195578 0.0494 -0.0414 
0.905268 0.0339809 -0.00443582 0.999414 0.0235472 0.999717 0.00363654 -0.999146 0.0234098 0.0340757 0.00553106 -0.0174437 -0.13536 0.0488 -0.0074 
