3.92385 -0.998305 -0.0580664 -0.00382636 -0.0579374 0.985633 0.158657 -0.00544126 0.15861 -0.987327 -0.0965232 0.0898443 0.0435432 0.0148 -0.0454 
3.31726 -0.998444 0.0208271 0.0517296 -0.0557476 -0.349744 -0.935186 -0.00138511 -0.936615 0.35036 -0.175805 0.0499152 0.0510169 0.0414 -0.0392 
3.23743 0.998444 0.0208344 -0.0517296 0.0557502 -0.349743 0.935186 0.00139199 -0.936615 -0.35036 0.243541 0.0733297 0.0516001 0.0414 -0.0392 
3.04368 -0.0517295 -0.0208309 0.998445 0.935185 0.349747 0.0557489 -0.350364 0.936614 0.00138855 -0.0502504 0.150733 0.0161617 0.0394 -0.0424 
3.01995 0.0517295 0.0208309 0.998445 -0.935185 -0.349747 0.0557489 0.350364 -0.936614 0.00138855 -0.0383526 -0.0643597 0.0967456 0.0418 -0.0394 
2.31576 0.00382269 0.998307 -0.0580628 -0.158657 0.0579332 0.985633 0.987326 0.0054443 0.15861 0.0387947 -0.0155806 0.230747 0.0328 -0.0348 
2.26189 0.00383002 -0.998306 0.0580628 -0.158657 -0.0579344 -0.985633 0.987326 -0.00543705 -0.15861 0.0387958 -0.0155806 0.230747 0.0344 -0.0332 
1.92954 0.998306 -0.0580591 0.00382636 0.0579301 0.985634 -0.158657 0.00544009 0.15861 0.987327 0.235005 -0.100368 0.0532569 0.0478 -0.0094 
1.9284 -0.00383002 0.998306 0.0580628 0.158657 0.0579344 -0.985633 -0.987326 0.00543705 -0.15861 0.0399913 -0.00684507 -0.0818333 0.0282 -0.0304 
1.76016 -0.0517297 0.0208306 -0.998445 0.935188 -0.34974 -0.0557489 -0.350357 -0.936616 -0.00138855 0.107123 0.168901 0.0128787 0.0424 -0.0388 
1.75962 -0.0580664 0.998306 -0.00382636 0.985633 0.0579374 0.158657 0.15861 0.00544126 -0.987327 0.0351183 0.0657617 0.0391631 0.0258 -0.0304 
1.75959 0.0580664 -0.998306 -0.00382636 -0.985633 -0.0579374 0.158657 -0.15861 -0.00544126 -0.987327 0.0496351 -0.180647 -0.000489399 0.0304 -0.0258 
1.7575 -0.00382269 -0.998307 -0.0580628 0.158657 -0.0579332 0.985633 -0.987326 -0.0054443 0.15861 0.0399924 -0.00684501 -0.0818333 0.0298 -0.0288 
1.75354 0.0517297 -0.0208306 -0.998445 -0.935188 0.34974 -0.0557489 0.350357 0.936616 -0.00138855 0.119021 -0.0461923 0.0934605 0.0388 -0.0424 
1.32841 0.998305 0.0580664 -0.00382636 0.0579374 -0.985633 0.158657 0.00544126 -0.15861 -0.987327 0.232918 0.108963 0.0453388 0.0448 -0.0154 
1.32785 -0.998306 0.0580591 0.00382636 -0.0579301 -0.985634 -0.158657 -0.00544009 -0.15861 0.987327 -0.144351 -0.122382 0.0511896 0.0092 -0.0488 
1.31898 -0.998305 -0.0580664 -0.00382636 -0.0579374 0.985633 0.158657 -0.00544126 0.15861 -0.987327 -0.144351 -0.122383 0.0511894 0.0484 -0.0094 
1.28064 -0.998306 0.0580591 0.00382636 -0.0579301 -0.985634 -0.158657 -0.00544009 -0.15861 0.987327 -0.156717 -0.0825133 0.0576442 0.05 -0.0078 
1.23464 0.998306 0.00383002 0.0580628 0.0579343 -0.158657 -0.985633 0.00543705 0.987327 -0.15861 0.210431 -0.0271411 0.106683 0.0078 -0.0478 
1.23282 0.00383002 -0.998306 0.0580628 -0.158657 -0.0579344 -0.985633 0.987326 -0.00543705 -0.15861 0.0365278 0.0201078 0.266876 0.0372 -0.0368 
1.22114 0.998306 0.00383002 0.0580628 0.0579343 -0.158657 -0.985633 0.00543705 0.987327 -0.15861 0.210274 -0.0206301 0.0661656 0.0488 -0.0068 
1.21361 0.00382269 0.998307 -0.0580628 -0.158657 0.0579332 0.985633 0.987326 0.0054443 0.15861 0.0365267 0.0201077 0.266876 0.0364 -0.0378 
1.19856 0.0208306 0.0517297 -0.998445 -0.34974 -0.935188 -0.0557489 -0.936615 0.350357 -0.00138855 0.0748367 0.0413422 -0.121713 0.0368 -0.0202 
1.16834 0.998306 -0.0580591 0.00382636 0.0579301 0.985634 -0.158657 0.00544009 0.15861 0.987327 0.222483 -0.0539886 0.0191939 0.0048 -0.0358 
1.14919 0.00383002 -0.998306 0.0580628 -0.158657 -0.0579344 -0.985633 0.987326 -0.00543705 -0.15861 0.0412933 -0.0607884 0.253858 0.0302 -0.0298 
1.14306 0.998305 0.0580664 -0.00382636 0.0579374 -0.985633 0.158657 0.00544126 -0.15861 -0.987327 0.222482 -0.0539875 0.019194 0.0354 -0.0054 
1.13978 0.0517333 -0.998445 0.0208308 -0.935186 -0.0557524 -0.349743 0.35036 -0.00138727 -0.936615 0.0415328 -0.0790576 0.188429 0.0358 -0.0378 
1.12686 0.998306 -0.00382269 -0.0580628 0.0579331 0.158657 0.985633 0.0054443 -0.987327 0.15861 0.210274 -0.0206303 0.0661667 0.0064 -0.0494 
1.12169 0.998306 -0.00382269 -0.0580628 0.0579331 0.158657 0.985633 0.0054443 -0.987327 0.15861 0.210431 -0.0271412 0.106684 0.0474 -0.0084 
1.09021 0.998444 0.0517333 0.0208308 0.0557523 -0.935186 -0.349743 0.00138727 0.35036 -0.936615 0.162444 0.0920151 0.000608849 0.0372 -0.0194 
1.07914 0.998444 -0.0517259 -0.0208308 0.0557455 0.935186 0.349743 0.00138984 -0.35036 0.936615 0.162444 0.0920141 0.000609235 0.0194 -0.0374 
1.07089 0.0517259 0.998445 -0.0208308 -0.935186 0.0557455 0.349743 0.35036 0.00138984 0.936615 0.0415317 -0.0790577 0.188429 0.0368 -0.0362 
1.05063 0.00382269 0.998307 -0.0580628 -0.158657 0.0579332 0.985633 0.987326 0.0054443 0.15861 0.0412922 -0.0607884 0.253858 0.0294 -0.0308 
1.04138 -0.998306 0.0580591 0.00382636 -0.0579301 -0.985634 -0.158657 -0.00544009 -0.15861 0.987327 -0.166405 0.08579 0.0431625 0.0452 -0.0154 
1.00795 -0.998444 -0.0517333 0.0208308 -0.0557523 0.935186 -0.349743 -0.00138727 -0.35036 -0.936615 -0.167042 0.0736169 0.000151013 0.0184 -0.0372 
1.00242 0.998444 -0.0208271 0.0517296 0.0557476 0.349744 -0.935186 0.00138511 0.936615 0.35036 0.243541 0.0733293 0.0515991 0.0384 -0.0418 
0.980893 -0.998306 0.00382269 -0.0580628 -0.0579331 -0.158657 0.985633 -0.0054443 0.987327 0.15861 -0.128993 -0.0468385 0.104833 0.0084 -0.0484 
0.979214 -0.998306 0.00382269 -0.0580628 -0.0579331 -0.158657 0.985633 -0.0054443 0.987327 0.15861 -0.12915 -0.0403276 0.0643157 0.0494 -0.0074 
0.959074 0.0529236 -0.998497 -0.0143114 -0.972633 -0.0547891 0.225798 -0.226243 0.00196964 -0.97407 0.049007 -0.222583 -0.0287092 0.0274 -0.0282 
0.955908 0.0529163 0.998497 0.0143114 -0.972633 0.054782 -0.225798 -0.226243 -0.0019713 0.97407 0.0490059 -0.222583 -0.0287092 0.0278 -0.0282 
0.919395 0.0208309 -0.0517295 0.998445 -0.349747 0.935185 0.0557489 -0.936613 -0.350364 0.00138855 0.0750451 0.0378437 -0.131079 0.0192 -0.0374 
0.891537 -0.998444 0.0517259 -0.0208308 -0.0557455 -0.935186 0.349743 -0.00138984 0.35036 0.936615 -0.167042 0.073618 0.000150627 0.0368 -0.0192 
0.859832 0.998306 -0.0580591 0.00382636 0.0579301 0.985634 -0.158657 0.00544009 0.15861 0.987327 0.232918 0.108962 0.0453386 0.0152 -0.0454 
0.74477 -0.0208271 -0.998445 0.0517296 0.349743 -0.0557477 -0.935186 0.936614 -0.00138511 0.35036 0.0319557 0.0911016 0.243116 0.0358 -0.0374 
0.711206 0.0580591 0.998307 0.00382636 -0.985634 0.0579302 -0.158657 -0.15861 0.0054401 0.987327 0.0525371 -0.229928 -0.0084199 0.0254 -0.0304 
0.701025 0.0208306 0.0517297 -0.998445 -0.34974 -0.935188 -0.0557489 -0.936615 0.350357 -0.00138855 0.114309 0.0435462 -0.121658 0.0362 -0.0202 
0.698285 0.0529163 0.998497 0.0143114 -0.972633 0.054782 -0.225798 -0.226243 -0.0019713 0.97407 0.026648 -0.233566 -0.0309265 0.05 -0.0044 
0.692009 0.0208309 -0.0517295 0.998445 -0.349747 0.935185 0.0557489 -0.936613 -0.350364 0.00138855 0.114309 0.0435452 -0.121658 0.0194 -0.0364 
0.651479 -0.998306 0.0580591 0.00382636 -0.0579301 -0.985634 -0.158657 -0.00544009 -0.15861 0.987327 -0.136908 -0.0748437 0.0172354 0.0354 -0.0054 
0.640102 -0.998305 -0.0580664 -0.00382636 -0.0579374 0.985633 0.158657 -0.00544126 0.15861 -0.987327 -0.136907 -0.0748448 0.0172352 0.0048 -0.0358 
0.598011 0.0529236 -0.998497 -0.0143114 -0.972633 -0.0547891 0.225798 -0.226243 0.00196964 -0.97407 0.0493351 -0.227759 -0.00638201 0.0278 -0.0282 
0.59077 0.0208306 0.0517297 -0.998445 -0.34974 -0.935188 -0.0557489 -0.936615 0.350357 -0.00138855 -0.00369202 0.0299394 -0.140555 0.0358 -0.0148 
0.527483 0.00382657 -0.0580627 -0.998306 -0.158661 0.985633 -0.0579338 0.987326 0.158614 -0.00544068 0.0461348 -0.144858 0.260586 0.0474 -0.0028 
0.497246 0.0517297 -0.0208306 -0.998445 -0.935188 0.34974 -0.0557489 0.350357 0.936616 -0.00138855 -0.0383526 -0.0643601 0.0967446 0.0392 -0.0424 
0.484219 -0.00382269 -0.998307 -0.0580628 0.158657 -0.0579332 0.985633 -0.987326 -0.0054443 0.15861 0.0423369 -0.0457065 -0.0982156 0.0304 -0.0258 
0.458169 0.998496 0.0529236 -0.0143114 0.0547891 -0.972633 0.225798 -0.00196963 -0.226243 -0.97407 0.190843 -0.06847 0.00493175 0.0202 -0.0208 
0.443373 -0.0143115 0.0529199 -0.998497 0.225802 -0.972632 -0.0547855 -0.974068 -0.226246 0.00197047 0.0621369 -0.0467379 -0.118601 0.0202 -0.0208 
0.439318 -0.0143112 -0.05292 0.998497 0.225795 0.972634 0.0547855 -0.97407 0.226239 -0.00197047 0.062137 -0.046739 -0.118601 0.0204 -0.0204 
0.438353 0.998496 -0.0529163 0.0143114 0.0547819 0.972633 -0.225798 -0.0019713 0.226243 0.97407 0.210813 -0.0673753 0.00489209 0.0204 -0.0204 
0.380194 -0.00383002 0.998306 0.0580628 0.158657 0.0579344 -0.985633 -0.987326 0.00543705 -0.15861 0.0447185 -0.0861547 -0.104725 0.0248 -0.0304 
0.362113 0.00382614 0.0580628 0.998306 -0.158653 -0.985634 0.0579338 0.987327 -0.158606 0.00544068 0.0461348 -0.144857 0.260586 0.0024 -0.0482 
0.33452 0.0517295 0.0208309 0.998445 -0.935185 -0.349747 0.0557489 0.350364 -0.936614 0.00138855 0.119021 -0.0461919 0.0934616 0.0418 -0.0392 
0.328473 -0.0517295 -0.0208309 0.998445 0.935185 0.349747 0.0557489 -0.350364 0.936614 0.00138855 0.10764 0.159549 0.0163812 0.0388 -0.0422 
0.314297 0.0529163 0.998497 0.0143114 -0.972633 0.054782 -0.225798 -0.226243 -0.0019713 0.97407 0.049334 -0.227759 -0.00638201 0.0274 -0.0284 
0.294201 -0.014315 0.998497 0.05292 0.225798 0.0547864 -0.972633 -0.974069 -0.00197405 -0.226243 0.038963 -0.0434783 -0.138037 0.0274 -0.0282 
0.291262 -0.014315 0.998497 0.05292 0.225798 0.0547864 -0.972633 -0.974069 -0.00197405 -0.226243 0.03775 -0.021184 -0.132851 0.0274 -0.0282 
0.272771 -0.0143077 -0.998497 -0.05292 0.225798 -0.0547847 0.972633 -0.974069 0.00196689 0.226243 0.0389641 -0.0434783 -0.138037 0.0278 -0.0282 
0.271279 -0.0143112 -0.05292 0.998497 0.225795 0.972634 0.0547855 -0.97407 0.226239 -0.00197047 -0.00638136 -0.0527643 -0.108725 0.0198 -0.0208 
0.268853 -0.0143077 -0.998497 -0.05292 0.225798 -0.0547847 0.972633 -0.974069 0.00196689 0.226243 0.0377511 -0.0211839 -0.132851 0.0274 -0.0282 
0.266099 -0.0143115 0.0529199 -0.998497 0.225802 -0.972632 -0.0547855 -0.974068 -0.226246 0.00197047 -0.00638142 -0.0527632 -0.108725 0.0204 -0.0202 
0.252249 -0.0143115 0.0529199 -0.998497 0.225802 -0.972632 -0.0547855 -0.974068 -0.226246 0.00197047 0.0847379 -0.0409662 -0.138128 0.0198 -0.0204 
0.252204 -0.0529236 0.998497 -0.0143114 0.972633 0.0547891 0.225798 0.226243 -0.00196964 -0.97407 0.0333311 0.0646559 0.0145739 0.0272 -0.0278 
0.251868 -0.0529236 0.998497 -0.0143114 0.972633 0.0547891 0.225798 0.226243 -0.00196964 -0.97407 0.0104439 0.0634001 0.0146191 0.05 -0.0048 
0.249383 -0.0143112 -0.05292 0.998497 0.225795 0.972634 0.0547855 -0.97407 0.226239 -0.00197047 0.0847379 -0.0409673 -0.138128 0.0198 -0.0204 
0.242096 0.0529236 -0.998497 -0.0143114 -0.972633 -0.0547891 0.225798 -0.226243 0.00196964 -0.97407 0.0476206 -0.197955 -0.0465116 0.0274 -0.0274 
0.241598 0.00383002 -0.998306 0.0580628 -0.158657 -0.0579344 -0.985633 0.987326 -0.00543705 -0.15861 0.034145 0.0605559 0.273385 0.0394 -0.0384 
0.241155 0.0529236 -0.998497 -0.0143114 -0.972633 -0.0547891 0.225798 -0.226243 0.00196964 -0.97407 0.0715661 -0.216152 -0.0510817 0.05 -0.0048 
0.235309 -0.00382269 -0.998307 -0.0580628 0.158657 -0.0579332 0.985633 -0.987326 -0.0054443 0.15861 0.0447196 -0.0861546 -0.104725 0.0302 -0.0254 
0.211286 -0.0529236 0.998497 -0.0143114 0.972633 0.0547891 0.225798 0.226243 -0.00196964 -0.97407 0.0341883 0.0497539 0.0346388 0.0278 -0.0282 
0.192494 0.998305 0.0580664 -0.00382636 0.0579374 -0.985633 0.158657 0.00544126 -0.15861 -0.987327 0.202987 -0.0746789 0.140638 0.0418 -0.0064 
0.185991 0.998306 -0.0580591 0.00382636 0.0579301 0.985634 -0.158657 0.00544009 0.15861 0.987327 0.202987 -0.07468 0.140638 0.0058 -0.0424 
0.185717 0.998306 -0.0580591 0.00382636 0.0579301 0.985634 -0.158657 0.00544009 0.15861 0.987327 0.20537 -0.115128 0.134129 0.0468 -0.0014 
0.170363 0.00382614 0.0580628 0.998306 -0.158653 -0.985634 0.0579338 0.987327 -0.158606 0.00544068 0.0437903 -0.105996 0.276969 0.0418 -0.0064 
0.15407 -0.998305 -0.0580664 -0.00382636 -0.0579374 0.985633 0.158657 -0.00544126 0.15861 -0.987327 -0.0865211 -0.0914808 0.13906 0.0058 -0.0424 
0.153759 -0.998306 0.0580591 0.00382636 -0.0579301 -0.985634 -0.158657 -0.00544009 -0.15861 0.987327 -0.056572 -0.0897417 0.139223 0.0418 -0.0062 
0.15144 0.00382657 -0.0580627 -0.998306 -0.158661 0.985633 -0.0579338 0.987326 0.158614 -0.00544068 0.0437904 -0.105997 0.276968 0.0058 -0.0424 
0.147379 -0.0143115 0.0529199 -0.998497 0.225802 -0.972632 -0.0547855 -0.974068 -0.226246 0.00197047 0.0160764 -0.0447335 -0.137992 0.0204 -0.0204 
0.146758 0.0529163 0.998497 0.0143114 -0.972633 0.054782 -0.225798 -0.226243 -0.0019713 0.97407 0.026976 -0.238741 -0.00859927 0.05 -0.0054 
0.144119 -0.0143077 -0.998497 -0.05292 0.225798 -0.0547847 0.972633 -0.974069 0.00196689 0.226243 0.0404634 -0.0702885 -0.123742 0.0278 -0.0278 
0.141161 -0.0143112 -0.05292 0.998497 0.225795 0.972634 0.0547855 -0.97407 0.226239 -0.00197047 0.0160765 -0.0447346 -0.137992 0.0198 -0.0208 
0.138424 -0.998305 -0.0580664 -0.00382636 -0.0579374 0.985633 0.158657 -0.00544126 0.15861 -0.987327 -0.0541892 -0.130191 0.132714 0.0472 -0.0014 
0.133432 -0.0529163 -0.998497 0.0143114 0.972633 -0.054782 -0.225798 0.226243 0.0019713 0.97407 0.0341894 0.049754 0.0346388 0.0278 -0.0284 
0.123652 -0.998496 0.0529163 0.0143114 -0.0547819 -0.972633 -0.225798 0.0019713 -0.226243 0.97407 -0.118691 -0.0854535 0.0055426 0.0204 -0.0204 
0.121176 -0.998496 -0.0529236 -0.0143114 -0.0547891 0.972633 0.225798 0.00196963 0.226243 -0.97407 -0.118691 -0.0854545 0.00554235 0.0202 -0.0208 
0.110117 -0.0580664 0.998306 -0.00382636 0.985633 0.0579374 0.158657 0.15861 0.00544126 -0.987327 0.0244004 0.24001 0.150334 0.0384 -0.0408 
0.109445 0.0208309 -0.0517295 0.998445 -0.349747 0.935185 0.0557489 -0.936613 -0.350364 0.00138855 -0.0435813 0.0347292 -0.121877 0.0188 -0.0368 
0.108795 0.0208306 0.0517297 -0.998445 -0.34974 -0.935188 -0.0557489 -0.936615 0.350357 -0.00138855 -0.0435813 0.0347302 -0.121878 0.0364 -0.0192 
0.102815 0.00382269 0.998307 -0.0580628 -0.158657 0.0579332 0.985633 0.987326 0.0054443 0.15861 0.0341439 0.0605558 0.273385 0.0378 -0.0402 
0.102774 -0.0580591 -0.998307 0.00382636 0.985634 -0.0579302 -0.158657 0.15861 -0.0054401 0.987327 0.0255628 0.220298 0.147162 0.0402 -0.0388 
0.0636652 0.998496 -0.0529163 0.0143114 0.0547819 0.972633 -0.225798 -0.0019713 0.226243 0.97407 0.202796 -0.0989771 0.138875 0.0274 -0.0198 
0.0430151 0.998496 0.0529236 -0.0143114 0.0547891 -0.972633 0.225798 -0.00196963 -0.226243 -0.97407 0.202796 -0.0989761 0.138875 0.0194 -0.0282 
0.0401863 -0.998496 0.0529163 0.0143114 -0.0547819 -0.972633 -0.225798 0.0019713 -0.226243 0.97407 -0.116723 -0.116507 0.139506 0.0194 -0.0282 
0.0382222 -0.0143077 -0.998497 -0.05292 0.225798 -0.0547847 0.972633 -0.974069 0.00196689 0.226243 0.0142234 -0.00917733 -0.0886577 0.0018 -0.0498 
0.0332473 -0.014315 0.998497 0.05292 0.225798 0.0547864 -0.972633 -0.974069 -0.00197405 -0.226243 0.0599966 -0.00666585 -0.088748 0.0034 -0.0482 
0.0332011 -0.0143077 -0.998497 -0.05292 0.225798 -0.0547847 0.972633 -0.974069 0.00196689 0.226243 0.0599977 -0.00666579 -0.088748 0.0478 -0.0042 
0.031904 -0.0143077 -0.998497 -0.05292 0.225798 -0.0547847 0.972633 -0.974069 0.00196689 0.226243 0.0371106 -0.00792156 -0.0887029 0.0248 -0.0272 
0.0311865 -0.014315 0.998497 0.05292 0.225798 0.0547864 -0.972633 -0.974069 -0.00197405 -0.226243 0.0371095 -0.00792162 -0.0887029 0.0264 -0.0254 
0.0293612 -0.014315 0.998497 0.05292 0.225798 0.0547864 -0.972633 -0.974069 -0.00197405 -0.226243 0.0142223 -0.00917739 -0.0886577 0.0494 -0.0024 
0.0291267 -0.998496 -0.0529236 -0.0143114 -0.0547891 0.972633 0.225798 0.00196963 0.226243 -0.97407 -0.116723 -0.116509 0.139506 0.0278 -0.0202 
0.0275773 0.0529199 0.0143116 -0.998497 -0.972632 -0.225802 -0.0547855 -0.226246 0.974069 0.00197047 0.09531 -0.229798 -0.0310625 0.0348 -0.0062 
0.0255296 0.05292 -0.0143112 0.998497 -0.972634 0.225795 0.0547855 -0.226239 -0.974071 -0.00197047 0.09531 -0.229798 -0.0310615 0.0054 -0.0352 
