10.7075 -0.0498712 0.0465183 0.997673 0.699954 0.714187 0.00168867 -0.712446 0.698409 -0.068178 0.0548372 0.100852 0.0245194 0.0172 -0.0408 
10.7075 -0.0498712 0.0465183 0.997673 0.699954 0.714187 0.00168867 -0.712446 0.698409 -0.068178 0.053761 0.0843291 0.00836178 0.0404 -0.0178 
10.7075 -0.0498712 0.0465183 0.997673 0.699954 0.714187 0.00168867 -0.712446 0.698409 -0.068178 0.0542991 0.0925903 0.0164406 0.0288 -0.0294 
10.6916 0.0498712 -0.0465183 0.997673 -0.699954 -0.714187 0.00168867 0.712446 -0.698409 -0.068178 0.0692998 -0.102135 0.231129 0.0404 -0.0178 
10.6915 0.0498712 -0.0465183 0.997673 -0.699954 -0.714187 0.00168867 0.712446 -0.698409 -0.068178 0.0687617 -0.110396 0.22305 0.0288 -0.0292 
10.6915 0.0498712 -0.0465183 0.997673 -0.699954 -0.714187 0.00168867 0.712446 -0.698409 -0.068178 0.0682236 -0.118658 0.214971 0.0174 -0.0408 
10.6895 -0.0498708 -0.0465187 -0.997673 0.699959 -0.714182 -0.00168867 -0.712441 -0.698414 0.068178 0.0542991 0.0925911 0.0164414 0.0288 -0.0294 
10.6895 -0.0498708 -0.0465187 -0.997673 0.699959 -0.714182 -0.00168867 -0.712441 -0.698414 0.068178 0.0548372 0.100852 0.0245202 0.0404 -0.0178 
10.6893 -0.0498708 -0.0465187 -0.997673 0.699959 -0.714182 -0.00168867 -0.712441 -0.698414 0.068178 0.053761 0.0843298 0.00836255 0.0174 -0.0408 
10.6743 0.0498708 0.0465187 -0.997673 -0.699959 0.714182 -0.00168867 0.712441 0.698414 0.068178 0.0692998 -0.102136 0.231128 0.0174 -0.0408 
10.6743 0.0498708 0.0465187 -0.997673 -0.699959 0.714182 -0.00168867 0.712441 0.698414 0.068178 0.0687617 -0.110397 0.223049 0.0288 -0.0294 
10.6743 0.0498708 0.0465187 -0.997673 -0.699959 0.714182 -0.00168867 0.712441 0.698414 0.068178 0.0682236 -0.118658 0.21497 0.0404 -0.0178 
10.6604 -0.997672 -0.0465222 0.049871 -0.00168604 -0.714185 -0.699957 0.0681805 -0.698411 0.712443 -0.122044 -0.0128761 0.119474 0.0174 -0.0408 
10.6604 -0.997672 -0.0465222 0.049871 -0.00168604 -0.714185 -0.699957 0.0681805 -0.698411 0.712443 -0.120968 0.00364644 0.135631 0.0404 -0.0178 
10.6604 -0.997672 -0.0465222 0.049871 -0.00168604 -0.714185 -0.699957 0.0681805 -0.698411 0.712443 -0.121506 -0.00461485 0.127552 0.0288 -0.0294 
10.6593 -0.997672 -0.0465222 0.049871 -0.00168604 -0.714185 -0.699957 0.0681805 -0.698411 0.712443 -0.121467 -0.0209728 0.127715 0.0174 -0.0408 
10.6593 -0.997672 -0.0465222 0.049871 -0.00168604 -0.714185 -0.699957 0.0681805 -0.698411 0.712443 -0.120929 -0.0127116 0.135794 0.0288 -0.0294 
10.6593 -0.997672 -0.0465222 0.049871 -0.00168604 -0.714185 -0.699957 0.0681805 -0.698411 0.712443 -0.120391 -0.00445027 0.143872 0.0404 -0.0178 
10.6561 0.997672 -0.0465148 -0.049871 0.00169129 -0.714185 0.699957 -0.0681754 -0.698411 -0.712443 0.197749 -0.00407448 0.105735 0.0288 -0.0294 
10.6561 0.997672 -0.0465148 -0.049871 0.00169129 -0.714185 0.699957 -0.0681754 -0.698411 -0.712443 0.197211 -0.0123358 0.0976567 0.0174 -0.0408 
10.6561 0.997672 -0.0465148 -0.049871 0.00169129 -0.714185 0.699957 -0.0681754 -0.698411 -0.712443 0.198287 0.00418681 0.113814 0.0404 -0.0178 
10.6557 0.997672 -0.0465148 -0.049871 0.00169129 -0.714185 0.699957 -0.0681754 -0.698411 -0.712443 0.198326 -0.0121712 0.113977 0.0288 -0.0294 
10.6557 0.997672 -0.0465148 -0.049871 0.00169129 -0.714185 0.699957 -0.0681754 -0.698411 -0.712443 0.197788 -0.0204325 0.105898 0.0174 -0.0408 
10.6557 0.997672 -0.0465148 -0.049871 0.00169129 -0.714185 0.699957 -0.0681754 -0.698411 -0.712443 0.198864 -0.0039099 0.122055 0.0404 -0.0178 
10.6533 -0.0498712 0.0465183 0.997673 0.699954 0.714187 0.00168867 -0.712446 0.698409 -0.068178 0.0317561 0.100813 0.0260967 0.0174 -0.0408 
10.6533 -0.0498712 0.0465183 0.997673 0.699954 0.714187 0.00168867 -0.712446 0.698409 -0.068178 0.0432966 0.100832 0.0253081 0.0174 -0.0408 
10.6533 0.0498712 -0.0465183 0.997673 -0.699954 -0.714187 0.00168867 0.712446 -0.698409 -0.068178 0.0572212 -0.110416 0.223839 0.0288 -0.0294 
10.6533 0.0498712 -0.0465183 0.997673 -0.699954 -0.714187 0.00168867 0.712446 -0.698409 -0.068178 0.0456807 -0.110435 0.224627 0.0288 -0.0294 
10.6533 0.0498712 -0.0465183 0.997673 -0.699954 -0.714187 0.00168867 0.712446 -0.698409 -0.068178 0.0341402 -0.110455 0.225416 0.0288 -0.0294 
10.6533 -0.0498712 0.0465183 0.997673 0.699954 0.714187 0.00168867 -0.712446 0.698409 -0.068178 0.0207143 0.0937935 0.0340098 0.0174 -0.0408 
10.6533 -0.0498712 0.0465183 0.997673 0.699954 0.714187 0.00168867 -0.712446 0.698409 -0.068178 0.0432573 0.0855712 0.0243537 0.0288 -0.0294 
10.6533 -0.0498712 0.0465183 0.997673 0.699954 0.714187 0.00168867 -0.712446 0.698409 -0.068178 0.0191394 0.0842705 0.0107277 0.0404 -0.0178 
10.6533 0.0498712 -0.0465183 0.997673 -0.699954 -0.714187 0.00168867 0.712446 -0.698409 -0.068178 0.0346783 -0.102194 0.233495 0.0404 -0.0178 
10.6533 0.0498712 -0.0465183 0.997673 -0.699954 -0.714187 0.00168867 0.712446 -0.698409 -0.068178 0.0451426 -0.118697 0.216548 0.0174 -0.0408 
10.6533 0.0498712 -0.0465183 0.997673 -0.699954 -0.714187 0.00168867 0.712446 -0.698409 -0.068178 0.0566831 -0.118677 0.21576 0.0174 -0.0408 
10.6533 0.0498712 -0.0465183 0.997673 -0.699954 -0.714187 0.00168867 0.712446 -0.698409 -0.068178 0.0336021 -0.118716 0.217337 0.0174 -0.0408 
10.6533 -0.0498712 0.0465183 0.997673 0.699954 0.714187 0.00168867 -0.712446 0.698409 -0.068178 0.0306799 0.08429 0.00993907 0.0404 -0.0178 
10.6533 -0.0498712 0.0465183 0.997673 0.699954 0.714187 0.00168867 -0.712446 0.698409 -0.068178 0.0427192 0.07731 0.0162749 0.0404 -0.0178 
10.6533 -0.0498712 0.0465183 0.997673 0.699954 0.714187 0.00168867 -0.712446 0.698409 -0.068178 0.0196775 0.0925317 0.0188065 0.0288 -0.0294 
10.6533 0.0498712 -0.0465183 0.997673 -0.699954 -0.714187 0.00168867 0.712446 -0.698409 -0.068178 0.0577593 -0.102155 0.231917 0.0404 -0.0178 
10.6533 -0.0498712 0.0465183 0.997673 0.699954 0.714187 0.00168867 -0.712446 0.698409 -0.068178 0.0317167 0.0855517 0.0251423 0.0288 -0.0294 
10.6533 0.0498712 -0.0465183 0.997673 -0.699954 -0.714187 0.00168867 0.712446 -0.698409 -0.068178 0.0462188 -0.102174 0.232706 0.0404 -0.0178 
10.6531 0.997672 0.0465222 0.049871 0.00168604 0.714185 -0.699957 -0.0681805 0.698411 0.712443 0.197749 -0.00407526 0.105735 0.0288 -0.0294 
10.6531 0.997672 0.0465222 0.049871 0.00168604 0.714185 -0.699957 -0.0681805 0.698411 0.712443 0.197211 -0.0123366 0.0976559 0.0404 -0.0178 
10.6531 0.997672 0.0465222 0.049871 0.00168604 0.714185 -0.699957 -0.0681805 0.698411 0.712443 0.198287 0.00418602 0.113814 0.0174 -0.0408 
10.6527 0.997672 0.0465222 0.049871 0.00168604 0.714185 -0.699957 -0.0681805 0.698411 0.712443 0.197788 -0.0204333 0.105897 0.0404 -0.0178 
10.6527 0.997672 0.0465222 0.049871 0.00168604 0.714185 -0.699957 -0.0681805 0.698411 0.712443 0.198326 -0.012172 0.113976 0.0288 -0.0294 
10.6527 0.997672 0.0465222 0.049871 0.00168604 0.714185 -0.699957 -0.0681805 0.698411 0.712443 0.198864 -0.00391068 0.122055 0.0174 -0.0408 
10.6517 -0.0498712 0.0465183 0.997673 0.699954 0.714187 0.00168867 -0.712446 0.698409 -0.068178 0.00917381 0.0937739 0.0347985 0.0174 -0.0408 
10.6499 -0.0498712 0.0465183 0.997673 0.699954 0.714187 0.00168867 -0.712446 0.698409 -0.068178 0.008137 0.0925122 0.0195952 0.0288 -0.0294 
10.6488 -0.997672 0.0465148 -0.049871 -0.00169129 0.714185 0.699957 0.0681754 0.698411 -0.712443 -0.110952 -0.0126955 0.135111 0.0288 -0.0294 
10.6488 -0.997672 0.0465148 -0.049871 -0.00169129 0.714185 0.699957 0.0681754 0.698411 -0.712443 -0.0915756 -0.00456498 0.125506 0.0288 -0.0294 
10.6488 -0.997672 0.0465148 -0.049871 -0.00169129 0.714185 0.699957 0.0681754 0.698411 -0.712443 -0.0904606 -0.0044004 0.141826 0.0174 -0.0408 
10.6488 -0.997672 0.0465148 -0.049871 -0.00169129 0.714185 0.699957 0.0681754 0.698411 -0.712443 -0.0910375 0.00369631 0.133585 0.0174 -0.0408 
10.6488 -0.997672 0.0465148 -0.049871 -0.00169129 0.714185 0.699957 0.0681754 0.698411 -0.712443 -0.11149 -0.0209567 0.127032 0.0404 -0.0178 
10.6488 -0.997672 0.0465148 -0.049871 -0.00169129 0.714185 0.699957 0.0681754 0.698411 -0.712443 -0.10209 -0.0128432 0.118109 0.0404 -0.0178 
10.6463 -0.0498712 0.0465183 0.997673 0.699954 0.714187 0.00168867 -0.712446 0.698409 -0.068178 0.00809761 0.0772514 0.0186408 0.0404 -0.0178 
10.6408 -0.0498708 -0.0465187 -0.997673 0.699959 -0.714182 -0.00168867 -0.712441 -0.698414 0.068178 0.0437954 0.0938333 0.0324333 0.0404 -0.0178 
10.6408 -0.0498708 -0.0465187 -0.997673 0.699959 -0.714182 -0.00168867 -0.712441 -0.698414 0.068178 0.0322549 0.0938138 0.0332219 0.0404 -0.0178 
10.6408 0.0498708 0.0465187 -0.997673 -0.699959 0.714182 -0.00168867 0.712441 0.698414 0.068178 0.0572211 -0.110417 0.223838 0.0288 -0.0294 
10.6408 -0.0498708 -0.0465187 -0.997673 0.699959 -0.714182 -0.00168867 -0.712441 -0.698414 0.068178 0.0202157 0.100794 0.0268861 0.0404 -0.0178 
10.6408 0.0498708 0.0465187 -0.997673 -0.699959 0.714182 -0.00168867 0.712441 0.698414 0.068178 0.0456806 -0.110436 0.224626 0.0288 -0.0294 
10.6408 0.0498708 0.0465187 -0.997673 -0.699959 0.714182 -0.00168867 0.712441 0.698414 0.068178 0.0341401 -0.110456 0.225415 0.0288 -0.0294 
10.6408 -0.0498708 -0.0465187 -0.997673 0.699959 -0.714182 -0.00168867 -0.712441 -0.698414 0.068178 0.03068 0.0842908 0.00993984 0.0174 -0.0408 
10.6408 -0.0498708 -0.0465187 -0.997673 0.699959 -0.714182 -0.00168867 -0.712441 -0.698414 0.068178 0.0196382 0.0772717 0.0178529 0.0174 -0.0408 
10.6408 0.0498708 0.0465187 -0.997673 -0.699959 0.714182 -0.00168867 0.712441 0.698414 0.068178 0.0462187 -0.102175 0.232705 0.0174 -0.0408 
10.6408 -0.0498708 -0.0465187 -0.997673 0.699959 -0.714182 -0.00168867 -0.712441 -0.698414 0.068178 0.0427192 0.0773107 0.0162756 0.0174 -0.0408 
10.6408 -0.0498708 -0.0465187 -0.997673 0.699959 -0.714182 -0.00168867 -0.712441 -0.698414 0.068178 0.0317168 0.0855525 0.0251431 0.0288 -0.0294 
10.6408 0.0498708 0.0465187 -0.997673 -0.699959 0.714182 -0.00168867 0.712441 0.698414 0.068178 0.056683 -0.118678 0.215759 0.0404 -0.0178 
10.6408 0.0498708 0.0465187 -0.997673 -0.699959 0.714182 -0.00168867 0.712441 0.698414 0.068178 0.0346782 -0.102194 0.233494 0.0174 -0.0408 
10.6408 0.0498708 0.0465187 -0.997673 -0.699959 0.714182 -0.00168867 0.712441 0.698414 0.068178 0.033602 -0.118717 0.217336 0.0404 -0.0178 
10.6408 -0.0498708 -0.0465187 -0.997673 0.699959 -0.714182 -0.00168867 -0.712441 -0.698414 0.068178 0.0432573 0.085572 0.0243545 0.0288 -0.0294 
10.6408 0.0498708 0.0465187 -0.997673 -0.699959 0.714182 -0.00168867 0.712441 0.698414 0.068178 0.0577592 -0.102155 0.231917 0.0174 -0.0408 
10.6408 -0.0498708 -0.0465187 -0.997673 0.699959 -0.714182 -0.00168867 -0.712441 -0.698414 0.068178 0.0201763 0.085533 0.0259317 0.0288 -0.0294 
10.6408 0.0498708 0.0465187 -0.997673 -0.699959 0.714182 -0.00168867 0.712441 0.698414 0.068178 0.0451425 -0.118697 0.216548 0.0404 -0.0178 
10.6308 -0.0498708 -0.0465187 -0.997673 0.699959 -0.714182 -0.00168867 -0.712441 -0.698414 0.068178 0.00917386 0.0937747 0.0347992 0.0404 -0.0178 
10.6304 -0.0498708 -0.0465187 -0.997673 0.699959 -0.714182 -0.00168867 -0.712441 -0.698414 0.068178 0.00813705 0.092513 0.019596 0.0288 -0.0294 
10.6295 -0.0498708 -0.0465187 -0.997673 0.699959 -0.714182 -0.00168867 -0.712441 -0.698414 0.068178 0.00809766 0.0772521 0.0186416 0.0174 -0.0408 
10.6046 0.0498712 -0.0465183 0.997673 -0.699954 -0.714187 0.00168867 0.712446 -0.698409 -0.068178 0.0231377 -0.102213 0.234283 0.0404 -0.0178 
10.6046 0.0498712 -0.0465183 0.997673 -0.699954 -0.714187 0.00168867 0.712446 -0.698409 -0.068178 0.0220615 -0.118736 0.218126 0.0174 -0.0408 
10.5919 -0.997672 -0.0465222 0.049871 -0.00168604 -0.714185 -0.699957 0.0681805 -0.698411 0.712443 -0.120352 -0.0208083 0.144035 0.0288 -0.0294 
10.5919 -0.997672 -0.0465222 0.049871 -0.00168604 -0.714185 -0.699957 0.0681805 -0.698411 0.712443 -0.119814 -0.012547 0.152114 0.0404 -0.0178 
10.5919 -0.997672 -0.0465222 0.049871 -0.00168604 -0.714185 -0.699957 0.0681805 -0.698411 0.712443 -0.12089 -0.0290695 0.135956 0.0174 -0.0408 
10.5824 -0.997672 0.0465148 -0.049871 -0.00169129 0.714185 0.699957 0.0681754 0.698411 -0.712443 -0.120352 -0.020809 0.144034 0.0288 -0.0294 
10.5824 -0.997672 0.0465148 -0.049871 -0.00169129 0.714185 0.699957 0.0681754 0.698411 -0.712443 -0.12089 -0.0290703 0.135955 0.0404 -0.0178 
10.5824 -0.997672 0.0465148 -0.049871 -0.00169129 0.714185 0.699957 0.0681754 0.698411 -0.712443 -0.119814 -0.0125478 0.152113 0.0174 -0.0408 
10.5822 0.0498708 0.0465187 -0.997673 -0.699959 0.714182 -0.00168867 0.712441 0.698414 0.068178 0.0225996 -0.110475 0.226204 0.0288 -0.0294 
10.5822 0.0498708 0.0465187 -0.997673 -0.699959 0.714182 -0.00168867 0.712441 0.698414 0.068178 0.0231377 -0.102214 0.234283 0.0174 -0.0408 
10.5775 0.997672 0.0465222 0.049871 0.00168604 0.714185 -0.699957 -0.0681805 0.698411 0.712443 0.189464 -0.0120243 0.130978 0.0174 -0.0408 
10.5775 0.997672 0.0465222 0.049871 0.00168604 0.714185 -0.699957 -0.0681805 0.698411 0.712443 0.188926 -0.0202856 0.122899 0.0288 -0.0294 
10.5775 0.997672 0.0465222 0.049871 0.00168604 0.714185 -0.699957 -0.0681805 0.698411 0.712443 0.188388 -0.0285468 0.11482 0.0404 -0.0178 
10.5765 0.997672 -0.0465148 -0.049871 0.00169129 -0.714185 0.699957 -0.0681754 -0.698411 -0.712443 0.188388 -0.0285461 0.114821 0.0174 -0.0408 
10.5765 0.997672 -0.0465148 -0.049871 0.00169129 -0.714185 0.699957 -0.0681754 -0.698411 -0.712443 0.188926 -0.0202848 0.1229 0.0288 -0.0294 
10.5765 0.997672 -0.0465148 -0.049871 0.00169129 -0.714185 0.699957 -0.0681754 -0.698411 -0.712443 0.189464 -0.0120235 0.130978 0.0404 -0.0178 
10.2722 0.0498712 -0.0465183 0.997673 -0.699954 -0.714187 0.00168867 0.712446 -0.698409 -0.068178 0.0230983 -0.117474 0.233329 0.0288 -0.0294 
8.75189 -0.999051 -0.0421132 0.0110745 0.0396537 -0.984949 -0.168242 0.0179929 -0.167643 0.985684 -0.120934 -0.00188664 0.131335 0.0308 -0.0274 
8.75023 -0.999052 0.0421059 -0.0110745 0.0396465 0.984949 0.168242 0.0179917 0.167643 -0.985684 -0.120392 0.00644741 0.143105 0.0168 -0.0418 
8.74879 0.0110743 0.0421096 -0.999053 -0.168245 0.984948 0.0396501 0.985683 0.167647 0.0179923 0.019753 -0.0427108 0.274964 0.0372 -0.0212 
8.74245 -0.0110743 -0.0421096 -0.999053 0.168245 -0.984948 0.0396501 -0.985683 -0.167647 0.0179923 0.0164307 0.00776277 -0.0207405 0.0208 -0.0374 
8.74245 -0.0110743 -0.0421096 -0.999053 0.168245 -0.984948 0.0396501 -0.985683 -0.167647 0.0179923 0.0172903 0.0278671 -0.0173186 0.0414 -0.0172 
8.74187 -0.999052 0.0421059 -0.0110745 0.0396465 0.984949 0.168242 0.0179917 0.167643 -0.985684 -0.120934 -0.00188772 0.131334 0.0268 -0.0314 
8.74042 0.0110746 -0.0421095 0.999053 -0.168238 -0.98495 -0.0396501 0.985684 -0.16764 -0.0179923 0.0193233 -0.0527619 0.273254 0.0104 -0.0478 
8.73709 -0.0110746 0.0421095 0.999053 0.168238 0.98495 -0.0396501 -0.985684 0.16764 -0.0179923 0.0164307 0.00776169 -0.0207407 0.0372 -0.0214 
8.73708 -0.0110746 0.0421095 0.999053 0.168238 0.98495 -0.0396501 -0.985684 0.16764 -0.0179923 0.0168605 0.0178139 -0.0190297 0.0268 -0.0314 
8.7193 -0.999051 -0.0421132 0.0110745 0.0396537 -0.984949 -0.168242 0.0179929 -0.167643 0.985684 -0.12202 -0.0185569 0.107793 0.0108 -0.0478 
8.38574 0.0465148 0.997673 -0.049871 0.714184 0.00169129 0.699957 0.698411 -0.0681754 -0.712443 0.056993 0.125182 0.226344 0.0128 -0.0368 
8.35874 0.0465148 0.997673 -0.049871 0.714184 0.00169129 0.699957 0.698411 -0.0681754 -0.712443 0.0702642 0.100912 0.250278 0.0014 -0.0484 
8.35025 0.0465148 0.997673 -0.049871 0.714184 0.00169129 0.699957 0.698411 -0.0681754 -0.712443 0.0235253 0.10893 0.245192 0.0478 -0.0022 
8.34048 0.0465148 0.997673 -0.049871 0.714184 0.00169129 0.699957 0.698411 -0.0681754 -0.712443 0.0466063 0.108969 0.243614 0.0244 -0.0252 
8.33632 0.0465221 -0.997672 0.049871 0.714184 -0.00168604 -0.699957 0.69841 0.0681806 0.712443 0.0454536 0.125163 0.227132 0.0248 -0.0252 
8.33342 0.0465148 0.997673 -0.049871 0.714184 0.00169129 0.699957 0.698411 -0.0681754 -0.712443 0.0344889 0.117047 0.236162 0.0362 -0.0134 
8.33207 0.0465148 0.997673 -0.049871 0.714184 0.00169129 0.699957 0.698411 -0.0681754 -0.712443 0.0691104 0.117105 0.233796 0.0014 -0.0484 
8.3263 0.0465148 0.997673 -0.049871 0.714184 0.00169129 0.699957 0.698411 -0.0681754 -0.712443 0.0575699 0.117086 0.234585 0.0128 -0.0368 
8.32306 0.0465148 0.997673 -0.049871 0.714184 0.00169129 0.699957 0.698411 -0.0681754 -0.712443 0.0343588 0.0641892 0.232949 0.0362 -0.0134 
8.32251 0.0465221 -0.997672 0.049871 0.714184 -0.00168604 -0.699957 0.69841 0.0681806 0.712443 0.0569941 0.125182 0.226343 0.0364 -0.0134 
8.31281 0.0465221 -0.997672 0.049871 0.714184 -0.00168604 -0.699957 0.69841 0.0681806 0.712443 0.0343599 0.0641892 0.232949 0.0128 -0.0364 
8.31114 0.0465221 -0.997672 0.049871 0.714184 -0.00168604 -0.699957 0.69841 0.0681806 0.712443 0.0350669 0.10895 0.244403 0.0132 -0.0368 
8.31042 0.0465221 -0.997672 0.049871 0.714184 -0.00168604 -0.699957 0.69841 0.0681806 0.712443 0.0466074 0.108969 0.243614 0.0248 -0.0252 
8.30987 0.0465221 -0.997672 0.049871 0.714184 -0.00168604 -0.699957 0.69841 0.0681806 0.712443 0.0235264 0.10893 0.245192 0.0014 -0.0484 
8.3087 0.0465221 -0.997672 0.049871 0.714184 -0.00168604 -0.699957 0.69841 0.0681806 0.712443 0.0459004 0.0642087 0.23216 0.0244 -0.0248 
8.30115 0.0465221 -0.997672 0.049871 0.714184 -0.00168604 -0.699957 0.69841 0.0681806 0.712443 0.0581479 0.108989 0.242826 0.0362 -0.0134 
8.30051 0.0465221 -0.997672 0.049871 0.714184 -0.00168604 -0.699957 0.69841 0.0681806 0.712443 0.0696884 0.109009 0.242037 0.0478 -0.0018 
8.30034 -0.0465148 -0.997673 -0.049871 -0.714184 -0.00169129 0.699957 -0.698411 0.0681754 -0.712443 0.0568866 -0.12144 0.0489963 0.0478 -0.0018 
8.29891 -0.0465148 -0.997673 -0.049871 -0.714184 -0.00169129 0.699957 -0.698411 0.0681754 -0.712443 0.0453461 -0.12146 0.0497849 0.0362 -0.0134 
8.29718 0.0465148 0.997673 -0.049871 0.714184 0.00169129 0.699957 0.698411 -0.0681754 -0.712443 0.0694455 0.0713896 0.237567 0.0014 -0.0482 
8.29661 0.0465221 -0.997672 0.049871 0.714184 -0.00168604 -0.699957 0.69841 0.0681806 0.712443 0.0229495 0.117027 0.236951 0.0014 -0.0484 
8.29511 -0.0465148 -0.997673 -0.049871 -0.714184 -0.00169129 0.699957 -0.698411 0.0681754 -0.712443 0.0338056 -0.121479 0.0505735 0.0244 -0.0248 
8.2949 -0.0465148 -0.997673 -0.049871 -0.714184 -0.00169129 0.699957 -0.698411 0.0681754 -0.712443 0.0107246 -0.121518 0.0521508 0.0014 -0.0482 
8.29357 -0.0465148 -0.997673 -0.049871 -0.714184 -0.00169129 0.699957 -0.698411 0.0681754 -0.712443 0.0222651 -0.121499 0.0513622 0.0128 -0.0364 
8.29059 0.0465221 -0.997672 0.049871 0.714184 -0.00168604 -0.699957 0.69841 0.0681806 0.712443 0.057571 0.117086 0.234585 0.0364 -0.0134 
8.2838 -0.999052 0.0421059 -0.0110745 0.0396465 0.984949 0.168242 0.0179917 0.167643 -0.985684 -0.120708 -0.0053218 0.151454 0.0268 -0.0308 
8.28022 -0.999051 -0.0421132 0.0110745 0.0396537 -0.984949 -0.168242 0.0179929 -0.167643 0.985684 -0.121138 -0.0153729 0.149743 0.0198 -0.0374 
8.27805 0.0465148 0.997673 -0.049871 0.714184 0.00169129 0.699957 0.698411 -0.0681754 -0.712443 0.0458993 0.0642087 0.23216 0.0244 -0.0248 
8.27441 0.0465221 -0.997672 0.049871 0.714184 -0.00168604 -0.699957 0.69841 0.0681806 0.712443 0.0232846 0.0713115 0.240722 0.0014 -0.0478 
8.21158 -0.0465221 0.997672 0.049871 -0.714184 0.00168604 -0.699957 -0.69841 -0.0681806 0.712443 0.045345 -0.12146 0.049785 0.0128 -0.0364 
8.2091 -0.0465221 0.997672 0.049871 -0.714184 0.00168604 -0.699957 -0.69841 -0.0681806 0.712443 0.0338045 -0.121479 0.0505736 0.0244 -0.0248 
8.20346 -0.0465221 0.997672 0.049871 -0.714184 0.00168604 -0.699957 -0.69841 -0.0681806 0.712443 0.0107235 -0.121518 0.0521509 0.0478 -0.0018 
8.19895 -0.0465221 0.997672 0.049871 -0.714184 0.00168604 -0.699957 -0.69841 -0.0681806 0.712443 0.0568855 -0.12144 0.0489963 0.0014 -0.0478 
8.19875 -0.0465221 0.997672 0.049871 -0.714184 0.00168604 -0.699957 -0.69841 -0.0681806 0.712443 0.022264 -0.121499 0.0513623 0.0362 -0.0132 
8.13669 0.0465148 0.997673 -0.049871 0.714184 0.00169129 0.699957 0.698411 -0.0681754 -0.712443 0.057905 0.0713701 0.238356 0.0128 -0.0364 
8.13535 0.997672 0.0465222 0.049871 0.00168604 0.714185 -0.699957 -0.0681805 0.698411 0.712443 0.198942 -0.0366267 0.122379 0.0374 -0.0178 
8.13459 0.997672 0.0465222 0.049871 0.00168604 0.714185 -0.699957 -0.0681805 0.698411 0.712443 0.200018 -0.0201041 0.138537 0.0144 -0.0408 
8.13244 0.997672 0.0465222 0.049871 0.00168604 0.714185 -0.699957 -0.0681805 0.698411 0.712443 0.198404 -0.044888 0.1143 0.0492 -0.0062 
8.13172 0.997672 0.0465222 0.049871 0.00168604 0.714185 -0.699957 -0.0681805 0.698411 0.712443 0.19948 -0.0283654 0.130458 0.0262 -0.0294 
8.12346 0.997672 -0.0465148 -0.049871 0.00169129 -0.714185 0.699957 -0.0681754 -0.698411 -0.712443 0.198942 -0.0366259 0.12238 0.0174 -0.0382 
8.12326 0.997672 -0.0465148 -0.049871 0.00169129 -0.714185 0.699957 -0.0681754 -0.698411 -0.712443 0.198404 -0.0448872 0.114301 0.0058 -0.0498 
8.12259 0.997672 -0.0465148 -0.049871 0.00169129 -0.714185 0.699957 -0.0681754 -0.698411 -0.712443 0.200018 -0.0201033 0.138538 0.0404 -0.0152 
8.12239 0.997672 -0.0465148 -0.049871 0.00169129 -0.714185 0.699957 -0.0681754 -0.698411 -0.712443 0.19948 -0.0283646 0.130459 0.0288 -0.0268 
7.82363 -0.997672 0.0465148 -0.049871 -0.00169129 0.714185 0.699957 0.0681754 0.698411 -0.712443 -0.0898449 -0.0288551 0.15023 0.0258 -0.0294 
7.81075 -0.997672 0.0465148 -0.049871 -0.00169129 0.714185 0.699957 0.0681754 0.698411 -0.712443 -0.110336 -0.0371502 0.143514 0.0374 -0.0178 
7.78253 -0.997672 0.0465148 -0.049871 -0.00169129 0.714185 0.699957 0.0681754 0.698411 -0.712443 -0.10926 -0.0206276 0.159672 0.0144 -0.0408 
7.76222 -0.997672 0.0465148 -0.049871 -0.00169129 0.714185 0.699957 0.0681754 0.698411 -0.712443 -0.110875 -0.0454114 0.135436 0.0492 -0.0064 
7.69594 -0.997672 -0.0465222 0.049871 -0.00168604 -0.714185 -0.699957 0.0681805 -0.698411 0.712443 -0.110336 -0.0371494 0.143515 0.0174 -0.0378 
7.68921 -0.997672 -0.0465222 0.049871 -0.00168604 -0.714185 -0.699957 0.0681805 -0.698411 0.712443 -0.110875 -0.0454106 0.135436 0.0058 -0.0494 
7.6679 -0.997672 -0.0465222 0.049871 -0.00168604 -0.714185 -0.699957 0.0681805 -0.698411 0.712443 -0.10926 -0.0206268 0.159673 0.0404 -0.0148 
7.66135 -0.997672 -0.0465222 0.049871 -0.00168604 -0.714185 -0.699957 0.0681805 -0.698411 0.712443 -0.109798 -0.0288881 0.151594 0.0288 -0.0264 
7.12348 0.999052 -0.0110708 0.0421095 -0.0396507 0.168242 0.984949 -0.0179887 -0.985685 0.167643 0.208323 -0.025024 0.123687 0.0172 -0.0162 
7.09536 -0.0421096 0.0110743 -0.999053 -0.984948 -0.168245 0.0396501 -0.167647 0.985684 0.0179923 0.0636069 -0.147338 0.104434 0.0158 -0.0174 
7.06405 0.0421096 -0.0110743 -0.999053 0.984948 0.168245 0.0396501 0.167647 -0.985684 0.0179923 0.0749765 0.118598 0.149699 0.0172 -0.0162 
7.05966 0.0421095 0.0110746 0.999053 0.98495 -0.168238 -0.0396501 0.16764 0.985685 -0.0179923 0.0749765 0.118598 0.149698 0.0158 -0.0174 
6.8904 0.0421132 -0.999052 0.0110745 0.984949 0.0396537 -0.168242 0.167643 0.017993 0.985684 0.0254858 0.146736 0.175765 0.0044 -0.0454 
6.88972 0.0421132 -0.999052 0.0110745 0.984949 0.0396537 -0.168242 0.167643 0.017993 0.985684 0.0560741 0.145522 0.175214 0.0348 -0.0148 
6.88049 0.0421059 0.999053 -0.0110745 0.984949 -0.0396465 0.168242 0.167643 -0.0179917 -0.985684 0.0356808 0.146331 0.175582 0.0348 -0.0152 
6.87991 0.0421059 0.999053 -0.0110745 0.984949 -0.0396465 0.168242 0.167643 -0.0179917 -0.985684 0.056073 0.145522 0.175214 0.0144 -0.0354 
6.75593 0.0498708 0.0465187 -0.997673 -0.699959 0.714182 -0.00168867 0.712441 0.698414 0.068178 0.0225208 -0.140997 0.224295 0.05 -0.0062 
6.72578 0.0498708 0.0465187 -0.997673 -0.699959 0.714182 -0.00168867 0.712441 0.698414 0.068178 0.0230589 -0.132736 0.232374 0.0388 -0.0178 
5.26117 0.0421095 0.0110746 0.999053 0.98495 -0.168238 -0.0396501 0.16764 0.985685 -0.0179923 0.0150631 0.150575 0.155829 0.0158 -0.0028 
5.20237 0.0232239 0.994458 -0.102551 -0.0477752 0.103565 0.993475 0.998588 -0.018173 0.0499156 0.0301676 0.00809297 0.269393 0.0344 -0.0152 
5.20236 0.0232239 0.994458 -0.102551 -0.0477752 0.103565 0.993475 0.998588 -0.018173 0.0499156 0.038331 0.00894313 0.269244 0.0262 -0.0234 
5.20217 0.0232239 0.994458 -0.102551 -0.0477752 0.103565 0.993475 0.998588 -0.018173 0.0499156 0.0464944 0.00979328 0.269095 0.0178 -0.0314 
5.17112 0.0232312 -0.994457 0.102551 -0.0477744 -0.103566 -0.993475 0.998588 0.0181803 -0.0499156 0.0383321 0.00894324 0.269244 0.0232 -0.0268 
5.16383 0.0232312 -0.994457 0.102551 -0.0477744 -0.103566 -0.993475 0.998588 0.0181803 -0.0499156 0.0464955 0.0097934 0.269095 0.0314 -0.0184 
5.16143 0.0232312 -0.994457 0.102551 -0.0477744 -0.103566 -0.993475 0.998588 0.0181803 -0.0499156 0.0301687 0.00809308 0.269393 0.0148 -0.0348 
5.11846 0.0232279 -0.102551 -0.994457 -0.0477785 0.993475 -0.103566 0.998588 0.0499193 0.0181766 0.0172087 -0.0262292 0.268053 0.0352 -0.0214 
5.09611 0.0232271 0.102551 0.994457 -0.0477712 -0.993476 0.103566 0.998588 -0.0499119 -0.0181766 0.0180504 -0.0343834 0.267643 0.0128 -0.0438 
5.08724 -0.102555 0.994457 -0.0232275 0.993475 0.103569 0.0477749 0.0499157 -0.0181764 -0.998589 0.0325995 0.123635 0.157535 0.0178 -0.0318 
4.87873 -0.0232239 -0.994458 -0.102551 0.0477752 -0.103565 0.993475 -0.998588 0.018173 0.0499156 0.0313638 0.0232757 -0.0303323 0.0228 -0.0268 
4.87446 -0.0232239 -0.994458 -0.102551 0.0477752 -0.103565 0.993475 -0.998588 0.018173 0.0499156 0.0395272 0.0241258 -0.0304815 0.0312 -0.0184 
4.87412 -0.0232239 -0.994458 -0.102551 0.0477752 -0.103565 0.993475 -0.998588 0.018173 0.0499156 0.0232004 0.0224255 -0.0301831 0.0148 -0.0348 
4.83222 -0.0232312 0.994457 0.102551 0.0477744 0.103566 -0.993475 -0.998588 -0.0181803 -0.0499156 0.0395261 0.0241257 -0.0304815 0.0182 -0.0318 
4.82988 -0.0232312 0.994457 0.102551 0.0477744 0.103566 -0.993475 -0.998588 -0.0181803 -0.0499156 0.0313627 0.0232756 -0.0303323 0.0264 -0.0234 
4.82357 -0.0232312 0.994457 0.102551 0.0477744 0.103566 -0.993475 -0.998588 -0.0181803 -0.0499156 0.0231993 0.0224254 -0.0301831 0.0344 -0.0154 
4.71218 0.0421096 -0.0110743 -0.999053 0.984948 0.168245 0.0396501 0.167647 -0.985684 0.0179923 0.0256803 0.160019 0.157323 0.0018 -0.0162 
4.70986 0.0421095 0.0110746 0.999053 0.98495 -0.168238 -0.0396501 0.16764 0.985685 -0.0179923 0.0256803 0.16002 0.157322 0.0158 -0.0024 
4.68709 0.994456 0.0232312 0.102551 0.103566 -0.0477745 -0.993475 -0.0181803 0.998589 -0.0499156 0.194993 0.0241324 0.124335 0.0188 -0.0164 
4.68709 0.994456 0.0232312 0.102551 0.103566 -0.0477745 -0.993475 -0.0181803 0.998589 -0.0499156 0.194802 0.0245246 0.116137 0.0268 -0.0082 
4.68585 0.994457 -0.0232239 -0.102551 0.103565 0.0477752 0.993475 -0.0181729 -0.998589 0.0499156 0.194802 0.0245245 0.116139 0.0074 -0.0274 
4.68555 0.994457 -0.0232239 -0.102551 0.103565 0.0477752 0.993475 -0.0181729 -0.998589 0.0499156 0.194993 0.0241323 0.124336 0.0158 -0.0194 
4.6602 -0.999052 0.0110708 0.0421095 0.0396507 -0.168242 0.984949 0.0179887 0.985685 0.167643 -0.119645 0.0282694 0.136467 0.0154 -0.0022 
4.65996 -0.999052 -0.0110781 -0.0421095 0.0396495 0.168242 -0.984949 0.017996 -0.985684 -0.167643 -0.119645 0.0282693 0.136468 0.0018 -0.0162 
4.51761 -0.102547 -0.994458 0.0232275 0.993476 -0.103562 -0.0477749 0.0499155 0.0181768 0.998589 0.0326006 0.123636 0.157535 0.0314 -0.0184 
4.51675 -0.102547 -0.994458 0.0232275 0.993476 -0.103562 -0.0477749 0.0499155 0.0181768 0.998589 0.0172993 0.112 0.157334 0.0148 -0.0348 
4.51523 -0.102547 -0.994458 0.0232275 0.993476 -0.103562 -0.0477749 0.0499155 0.0181768 0.998589 0.0244372 0.122785 0.157684 0.0232 -0.0264 
4.50917 -0.999051 -0.0421132 0.0110745 0.0396537 -0.984949 -0.168242 0.0179929 -0.167643 0.985684 -0.122133 -0.0168399 0.0977337 0.0108 -0.0174 
4.5045 -0.999052 0.0421059 -0.0110745 0.0396465 0.984949 0.168242 0.0179917 0.167643 -0.985684 -0.122133 -0.0168409 0.0977335 0.0168 -0.0112 
4.5017 -0.999051 -0.0421132 0.0110745 0.0396537 -0.984949 -0.168242 0.0179929 -0.167643 0.985684 -0.121703 -0.00678769 0.0994447 0.0208 -0.0074 
4.49679 -0.999052 0.0421059 -0.0110745 0.0396465 0.984949 0.168242 0.0179917 0.167643 -0.985684 -0.121703 -0.00678877 0.0994445 0.0068 -0.0214 
4.49081 -0.102555 0.994457 -0.0232275 0.993475 0.103569 0.0477749 0.0499157 -0.0181764 -0.998589 0.0254616 0.11285 0.157185 0.0264 -0.0234 
4.48956 -0.102555 0.994457 -0.0232275 0.993475 0.103569 0.0477749 0.0499157 -0.0181764 -0.998589 0.0172982 0.112 0.157334 0.0344 -0.0154 
4.42867 0.102547 0.994458 0.0232275 -0.993476 0.103562 -0.0477749 -0.0499155 -0.0181768 0.998589 0.0460124 -0.166173 0.143358 0.0344 -0.0154 
4.42759 0.102547 0.994458 0.0232275 -0.993476 0.103562 -0.0477749 -0.0499155 -0.0181768 0.998589 0.0541758 -0.165323 0.143208 0.0262 -0.0234 
4.42596 0.102547 0.994458 0.0232275 -0.993476 0.103562 -0.0477749 -0.0499155 -0.0181768 0.998589 0.0623392 -0.164472 0.143059 0.0178 -0.0318 
4.24842 0.102555 -0.994457 -0.0232275 -0.993475 -0.103569 0.0477749 -0.0499157 0.0181764 -0.998589 0.0541769 -0.165323 0.143208 0.0232 -0.0268 
4.24605 0.102555 -0.994457 -0.0232275 -0.993475 -0.103569 0.0477749 -0.0499157 0.0181764 -0.998589 0.0623403 -0.164472 0.143059 0.0314 -0.0184 
4.24485 0.102555 -0.994457 -0.0232275 -0.993475 -0.103569 0.0477749 -0.0499157 0.0181764 -0.998589 0.0460135 -0.166173 0.143358 0.0148 -0.0348 
4.18209 -0.0498673 -0.997673 0.0465185 0.699957 -0.00168609 0.714185 -0.712444 0.0681754 0.698411 0.0564126 0.110375 0.0478019 0.0474 -0.0014 
4.17545 -0.0498673 -0.997673 0.0465185 0.699957 -0.00168609 0.714185 -0.712444 0.0681754 0.698411 0.0448721 0.110355 0.0485905 0.0358 -0.0128 
4.17366 -0.0498673 -0.997673 0.0465185 0.699957 -0.00168609 0.714185 -0.712444 0.0681754 0.698411 0.0333316 0.110336 0.0493792 0.0242 -0.0244 
4.16357 -0.0498747 0.997672 -0.0465185 0.699957 0.00169124 -0.714185 -0.712443 -0.0681806 -0.698411 0.0323331 0.124335 0.0351304 0.0242 -0.0248 
4.16167 -0.0498747 0.997672 -0.0465185 0.699957 0.00169124 -0.714185 -0.712443 -0.0681806 -0.698411 0.0207926 0.124316 0.035919 0.0358 -0.0132 
4.16135 -0.0498747 0.997672 -0.0465185 0.699957 0.00169124 -0.714185 -0.712443 -0.0681806 -0.698411 0.0438736 0.124355 0.0343417 0.0124 -0.0364 
4.15174 -0.0498673 -0.997673 0.0465185 0.699957 -0.00168609 0.714185 -0.712444 0.0681754 0.698411 0.0207937 0.124316 0.0359189 0.0124 -0.0362 
4.1441 -0.0498747 0.997672 -0.0465185 0.699957 0.00169124 -0.714185 -0.712443 -0.0681806 -0.698411 0.00925206 0.124296 0.0367077 0.0474 -0.0014 
4.13342 0.0498673 0.997673 0.0465185 -0.699957 0.00168609 0.714185 0.712444 -0.0681754 0.698411 0.0335227 -0.149238 0.215428 0.0302 -0.0058 
4.11121 0.0498673 0.997673 0.0465185 -0.699957 0.00168609 0.714185 0.712444 -0.0681754 0.698411 0.0588349 -0.0856324 0.248075 0.0124 -0.0362 
4.11108 0.0498673 0.997673 0.0465185 -0.699957 0.00168609 0.714185 0.712444 -0.0681754 0.698411 0.0362526 -0.092671 0.256776 0.0354 -0.0128 
4.11101 0.0498673 0.997673 0.0465185 -0.699957 0.00168609 0.714185 0.712444 -0.0681754 0.698411 0.0242134 -0.085691 0.250441 0.0472 -0.0014 
4.11095 0.0498673 0.997673 0.0465185 -0.699957 0.00168609 0.714185 0.712444 -0.0681754 0.698411 0.0472944 -0.0856519 0.248863 0.0242 -0.0244 
4.10754 0.0498747 -0.997672 -0.0465185 -0.699957 -0.00169124 -0.714185 0.712443 0.0681806 -0.698411 0.058836 -0.0856324 0.248075 0.0358 -0.0128 
4.10603 0.0498673 0.997673 0.0465185 -0.699957 0.00168609 0.714185 0.712444 -0.0681754 0.698411 0.0450632 -0.149219 0.214639 0.0184 -0.0174 
4.10262 0.0498747 -0.997672 -0.0465185 -0.699957 -0.00169124 -0.714185 0.712443 0.0681806 -0.698411 0.0477942 -0.0926515 0.255988 0.0242 -0.0244 
4.09619 0.0498747 -0.997672 -0.0465185 -0.699957 -0.00169124 -0.714185 0.712443 0.0681806 -0.698411 0.0335238 -0.149238 0.215428 0.0052 -0.0304 
4.09575 0.0498747 -0.997672 -0.0465185 -0.699957 -0.00169124 -0.714185 0.712443 0.0681806 -0.698411 0.0450643 -0.149219 0.214639 0.0168 -0.0188 
4.09314 0.0498747 -0.997672 -0.0465185 -0.699957 -0.00169124 -0.714185 0.712443 0.0681806 -0.698411 0.0566048 -0.149199 0.213851 0.0282 -0.0074 
4.08682 0.0498747 -0.997672 -0.0465185 -0.699957 -0.00169124 -0.714185 0.712443 0.0681806 -0.698411 0.0703765 -0.0856128 0.247286 0.0474 -0.0014 
4.0828 0.0498673 0.997673 0.0465185 -0.699957 0.00168609 0.714185 0.712444 -0.0681754 0.698411 0.0566037 -0.149199 0.213851 0.0068 -0.0288 
4.07598 0.0498747 -0.997672 -0.0465185 -0.699957 -0.00169124 -0.714185 0.712443 0.0681806 -0.698411 0.035755 -0.0856714 0.249652 0.0124 -0.0362 
4.03258 0.994456 0.0232312 0.102551 0.103566 -0.0477745 -0.993475 -0.0181803 0.998589 -0.0499156 0.195835 0.0159771 0.123925 0.0188 -0.0168 
4.03173 -0.0028375 -0.998198 -0.059952 0.0959147 -0.0599475 0.993584 -0.995386 -0.00293098 0.095912 0.0368264 0.019483 -0.0294143 0.0234 -0.0262 
4.03167 -0.0028375 -0.998198 -0.059952 0.0959147 -0.0599475 0.993584 -0.995386 -0.00293098 0.095912 0.0599541 0.0208719 -0.0293465 0.0468 -0.0028 
4.03166 -0.0028375 -0.998198 -0.059952 0.0959147 -0.0599475 0.993584 -0.995386 -0.00293098 0.095912 0.0445356 0.019946 -0.0293917 0.0314 -0.0184 
4.03166 -0.0028375 -0.998198 -0.059952 0.0959147 -0.0599475 0.993584 -0.995386 -0.00293098 0.095912 0.0291171 0.01902 -0.0294369 0.0158 -0.0338 
4.03164 -0.0028375 -0.998198 -0.059952 0.0959147 -0.0599475 0.993584 -0.995386 -0.00293098 0.095912 0.0214078 0.018557 -0.0294596 0.0082 -0.0414 
4.03162 -0.0028375 -0.998198 -0.059952 0.0959147 -0.0599475 0.993584 -0.995386 -0.00293098 0.095912 0.0522449 0.020409 -0.0293691 0.0392 -0.0108 
4.03095 -0.0028375 -0.998198 -0.059952 0.0959147 -0.0599475 0.993584 -0.995386 -0.00293098 0.095912 0.0295801 0.0113464 -0.0301777 0.0158 -0.0338 
4.03093 -0.0028375 -0.998198 -0.059952 0.0959147 -0.0599475 0.993584 -0.995386 -0.00293098 0.095912 0.0604172 0.0131983 -0.0300873 0.0468 -0.0028 
4.03092 -0.0028375 -0.998198 -0.059952 0.0959147 -0.0599475 0.993584 -0.995386 -0.00293098 0.095912 0.0449986 0.0122724 -0.0301325 0.0314 -0.0184 
4.03091 -0.0028375 -0.998198 -0.059952 0.0959147 -0.0599475 0.993584 -0.995386 -0.00293098 0.095912 0.0218709 0.0108834 -0.0302003 0.0082 -0.0414 
4.03091 -0.0028375 -0.998198 -0.059952 0.0959147 -0.0599475 0.993584 -0.995386 -0.00293098 0.095912 0.0527079 0.0127353 -0.0301099 0.0392 -0.0108 
4.03028 -0.0028375 -0.998198 -0.059952 0.0959147 -0.0599475 0.993584 -0.995386 -0.00293098 0.095912 0.0300431 0.00367276 -0.0309184 0.0158 -0.0338 
4.03026 -0.0028375 -0.998198 -0.059952 0.0959147 -0.0599475 0.993584 -0.995386 -0.00293098 0.095912 0.0454617 0.00459873 -0.0308732 0.0314 -0.0184 
4.03023 -0.0028375 -0.998198 -0.059952 0.0959147 -0.0599475 0.993584 -0.995386 -0.00293098 0.095912 0.0608802 0.00552471 -0.030828 0.0468 -0.0028 
4.03023 -0.0028375 -0.998198 -0.059952 0.0959147 -0.0599475 0.993584 -0.995386 -0.00293098 0.095912 0.0531709 0.00506172 -0.0308506 0.0392 -0.0108 
4.03022 -0.0028375 -0.998198 -0.059952 0.0959147 -0.0599475 0.993584 -0.995386 -0.00293098 0.095912 0.0377524 0.00413574 -0.0308958 0.0238 -0.0262 
4.03021 -0.0028375 -0.998198 -0.059952 0.0959147 -0.0599475 0.993584 -0.995386 -0.00293098 0.095912 0.0223339 0.00320977 -0.030941 0.0082 -0.0414 
4.02962 -0.0028375 -0.998198 -0.059952 0.0959147 -0.0599475 0.993584 -0.995386 -0.00293098 0.095912 0.0459247 -0.00307489 -0.031614 0.0314 -0.0184 
4.02962 -0.0028375 -0.998198 -0.059952 0.0959147 -0.0599475 0.993584 -0.995386 -0.00293098 0.095912 0.0305062 -0.00400086 -0.0316592 0.0158 -0.0338 
4.02961 -0.0028375 -0.998198 -0.059952 0.0959147 -0.0599475 0.993584 -0.995386 -0.00293098 0.095912 0.0382154 -0.00353788 -0.0316366 0.0238 -0.0262 
4.02961 -0.0028375 -0.998198 -0.059952 0.0959147 -0.0599475 0.993584 -0.995386 -0.00293098 0.095912 0.0613432 -0.00214891 -0.0315687 0.0468 -0.0028 
4.02959 -0.0028375 -0.998198 -0.059952 0.0959147 -0.0599475 0.993584 -0.995386 -0.00293098 0.095912 0.0536339 -0.0026119 -0.0315914 0.0392 -0.0108 
4.02609 0.994456 0.0232312 0.102551 0.103566 -0.0477745 -0.993475 -0.0181803 0.998589 -0.0499156 0.195644 0.0163692 0.115728 0.0268 -0.0088 
4.00145 -0.0028375 -0.998198 -0.059952 0.0959147 -0.0599475 0.993584 -0.995386 -0.00293098 0.095912 0.0363633 0.0271566 -0.0286736 0.0234 -0.0262 
4.00142 -0.0028375 -0.998198 -0.059952 0.0959147 -0.0599475 0.993584 -0.995386 -0.00293098 0.095912 0.0517819 0.0280826 -0.0286284 0.0388 -0.0108 
4.00142 -0.0028375 -0.998198 -0.059952 0.0959147 -0.0599475 0.993584 -0.995386 -0.00293098 0.095912 0.0286541 0.0266936 -0.0286962 0.0158 -0.0338 
4.00139 -0.0028375 -0.998198 -0.059952 0.0959147 -0.0599475 0.993584 -0.995386 -0.00293098 0.095912 0.0594911 0.0285456 -0.0286058 0.0468 -0.0028 
4.00138 -0.0028375 -0.998198 -0.059952 0.0959147 -0.0599475 0.993584 -0.995386 -0.00293098 0.095912 0.0440726 0.0276196 -0.028651 0.0314 -0.0184 
4.00131 -0.0028375 -0.998198 -0.059952 0.0959147 -0.0599475 0.993584 -0.995386 -0.00293098 0.095912 0.0209448 0.0262306 -0.0287188 0.0082 -0.0414 
3.99897 -0.0028375 -0.998198 -0.059952 0.0959147 -0.0599475 0.993584 -0.995386 -0.00293098 0.095912 0.0372894 0.0118094 -0.0301551 0.0234 -0.0262 
3.99806 -0.0028375 -0.998198 -0.059952 0.0959147 -0.0599475 0.993584 -0.995386 -0.00293098 0.095912 0.0227969 -0.00446385 -0.0316818 0.0082 -0.0414 
3.99538 0.994457 -0.0232239 -0.102551 0.103565 0.0477752 0.993475 -0.0181729 -0.998589 0.0499156 0.195835 0.015977 0.123926 0.0164 -0.0194 
3.99511 0.994457 -0.0232239 -0.102551 0.103565 0.0477752 0.993475 -0.0181729 -0.998589 0.0499156 0.195644 0.0163692 0.115729 0.0082 -0.0274 
3.96415 0.0465148 0.997673 -0.049871 0.714184 0.00169129 0.699957 0.698411 -0.0681754 -0.712443 0.024679 0.092737 0.261674 0.0474 -0.0018 
3.95291 0.0465221 -0.997672 0.049871 0.714184 -0.00168604 -0.699957 0.69841 0.0681806 0.712443 0.0708422 0.0928151 0.258519 0.0474 -0.0018 
3.95169 0.0465221 -0.997672 0.049871 0.714184 -0.00168604 -0.699957 0.69841 0.0681806 0.712443 0.0593017 0.0927956 0.259308 0.0358 -0.0132 
3.93932 -0.0028375 -0.998198 -0.059952 0.0959147 -0.0599475 0.993584 -0.995386 -0.00293098 0.095912 0.0386784 -0.0112115 -0.0323773 0.0238 -0.0262 
3.93916 -0.0028375 -0.998198 -0.059952 0.0959147 -0.0599475 0.993584 -0.995386 -0.00293098 0.095912 0.054097 -0.0102855 -0.0323321 0.0392 -0.0108 
3.93889 -0.0028375 -0.998198 -0.059952 0.0959147 -0.0599475 0.993584 -0.995386 -0.00293098 0.095912 0.0463877 -0.0107485 -0.0323547 0.0314 -0.0184 
3.93876 -0.0028375 -0.998198 -0.059952 0.0959147 -0.0599475 0.993584 -0.995386 -0.00293098 0.095912 0.0232599 -0.0121375 -0.0324225 0.0082 -0.0414 
3.93874 -0.0028375 -0.998198 -0.059952 0.0959147 -0.0599475 0.993584 -0.995386 -0.00293098 0.095912 0.0618062 -0.00982254 -0.0323095 0.0468 -0.0028 
3.93836 -0.0028375 -0.998198 -0.059952 0.0959147 -0.0599475 0.993584 -0.995386 -0.00293098 0.095912 0.0309692 -0.0116745 -0.0323999 0.0158 -0.0338 
3.92392 0.0028375 0.998198 -0.059952 -0.0959147 0.0599475 0.993584 0.995386 0.00293098 0.095912 0.0617314 -0.0232497 0.267788 0.0024 -0.0474 
3.92392 0.0028375 0.998198 -0.059952 -0.0959147 0.0599475 0.993584 0.995386 0.00293098 0.095912 0.0621945 -0.0309233 0.267047 0.0024 -0.0474 
3.92392 0.0028375 0.998198 -0.059952 -0.0959147 0.0599475 0.993584 0.995386 0.00293098 0.095912 0.0612684 -0.0155761 0.268528 0.0024 -0.0474 
3.92391 0.0028375 0.998198 -0.059952 -0.0959147 0.0599475 0.993584 0.995386 0.00293098 0.095912 0.0376776 -0.00929142 0.269201 0.0258 -0.0242 
3.92391 0.0028375 0.998198 -0.059952 -0.0959147 0.0599475 0.993584 0.995386 0.00293098 0.095912 0.0222591 -0.0102174 0.269156 0.0412 -0.0084 
3.92391 0.0028375 0.998198 -0.059952 -0.0959147 0.0599475 0.993584 0.995386 0.00293098 0.095912 0.0544852 -0.0313863 0.267024 0.0104 -0.0394 
3.9239 0.0028375 0.998198 -0.059952 -0.0959147 0.0599475 0.993584 0.995386 0.00293098 0.095912 0.0540222 -0.0237127 0.267765 0.0104 -0.0394 
3.9239 0.0028375 0.998198 -0.059952 -0.0959147 0.0599475 0.993584 0.995386 0.00293098 0.095912 0.0530961 -0.00836545 0.269247 0.0102 -0.0394 
3.9239 0.0028375 0.998198 -0.059952 -0.0959147 0.0599475 0.993584 0.995386 0.00293098 0.095912 0.0308944 -0.0251017 0.267697 0.0334 -0.0164 
