4.5915 0.0575914 0.0143431 -0.998238 -0.971141 -0.23101 -0.0593473 -0.231454 0.972846 0.000624932 0.0449026 -0.114804 0.0982991 0.0088 -0.0094 
4.10074 0.0575915 -0.0143427 0.998238 -0.971142 0.231003 0.0593473 -0.231447 -0.972848 -0.000624932 0.0454785 -0.124516 0.0959857 0.0088 -0.0088 
3.96702 0.0575915 -0.0143427 0.998238 -0.971142 0.231003 0.0593473 -0.231447 -0.972848 -0.000624932 0.0118922 -0.0875301 0.105263 0.0098 -0.0104 
3.0176 0.0575914 0.0143431 -0.998238 -0.971141 -0.23101 -0.0593473 -0.231454 0.972846 0.000624932 0.0738815 -0.0740988 0.107538 0.0102 -0.0108 
2.73046 0.0143431 -0.0575914 -0.998238 -0.23101 0.971141 -0.0593473 0.972846 0.231454 0.000624932 -0.0871477 -0.00382264 0.291065 0.0498 -0.0494 
2.33853 -0.0575915 0.0143427 0.998238 0.971142 -0.231003 0.0593473 0.231447 0.972848 -0.000624932 -0.00596114 0.213524 0.177012 0.0104 -0.0108 
1.99091 -0.0575915 0.0143427 0.998238 0.971142 -0.231003 0.0593473 0.231447 0.972848 -0.000624932 0.0276251 0.176538 0.167734 0.0104 -0.0108 
1.77615 -0.0575914 -0.0143431 -0.998238 0.971141 0.23101 -0.0593473 0.231454 -0.972846 0.000624932 0.0247456 0.225095 0.179308 0.0104 -0.0108 
1.76077 -0.0575914 -0.0143431 -0.998238 0.971141 0.23101 -0.0593473 0.231454 -0.972846 0.000624932 0.0600596 0.158975 0.163087 0.0108 -0.0104 
1.1935 -0.0575915 0.0143427 0.998238 0.971142 -0.231003 0.0593473 0.231447 0.972848 -0.000624932 -0.0337883 0.153396 0.163144 0.0104 -0.0054 
1.18241 -0.0143426 -0.0575915 0.998238 0.231003 0.971142 0.0593473 -0.972847 0.231447 -0.000624932 -0.0917374 0.0700995 -0.0202456 0.05 -0.0498 
0.640808 0.0575915 -0.0143427 0.998238 -0.971142 0.231003 0.0593473 -0.231447 -0.972848 -0.000624932 -0.0500971 -0.100961 0.102988 0.0048 -0.0104 
0.558972 -0.0575915 0.0143427 0.998238 0.971142 -0.231003 0.0593473 0.231447 0.972848 -0.000624932 -0.0650709 0.151536 0.163164 0.0104 -0.0058 
0.504644 -0.998237 -0.0143465 0.0575914 -0.0593481 0.231007 -0.971141 0.000628505 -0.972847 -0.231451 -0.147604 0.0907625 0.149951 0.0104 -0.0108 
0.424816 0.998237 -0.0143392 -0.0575914 0.0593464 0.231007 0.971141 -0.000621358 -0.972847 0.231451 0.211761 0.112128 0.149726 0.0104 -0.0104 
0.414764 -0.0575915 0.0143427 0.998238 0.971142 -0.231003 0.0593473 0.231447 0.972848 -0.000624932 0.0913422 0.160835 0.163066 0.0104 -0.0054 
0.393909 -0.0575914 -0.0143431 -0.998238 0.971141 0.23101 -0.0593473 0.231454 -0.972846 0.000624932 -0.0337883 0.153395 0.163146 0.0054 -0.0108 
0.391637 0.0575915 -0.0143427 0.998238 -0.971142 0.231003 0.0593473 -0.231447 -0.972848 -0.000624932 0.105164 -0.0722392 0.107519 0.0054 -0.0104 
0.362891 0.0575878 0.998238 0.0143429 -0.971142 0.0593437 -0.231007 -0.231451 -0.000625782 0.972847 0.0438766 -0.0978537 0.0701272 0.0252 -0.0248 
0.36052 0.0575914 0.0143431 -0.998238 -0.971141 -0.23101 -0.0593473 -0.231454 0.972846 0.000624932 -0.0199663 -0.0796782 0.107596 0.0104 -0.0058 
0.336415 0.0575915 -0.0143427 0.998238 -0.971142 0.231003 0.0593473 -0.231447 -0.972848 -0.000624932 -0.0176627 -0.118524 0.0983393 0.0042 -0.0098 
0.225339 -0.998237 0.0143392 -0.0575914 -0.0593464 -0.231007 0.971141 0.000621358 0.972847 0.231451 -0.223854 0.025148 0.135494 0.0102 -0.0054 
0.207441 0.0575915 -0.0143427 0.998238 -0.971142 0.231003 0.0593473 -0.231447 -0.972848 -0.000624932 -0.0831075 -0.0736867 0.109951 0.0054 -0.0108 
0.162196 -0.0575915 0.0143427 0.998238 0.971142 -0.231003 0.0593473 0.231447 0.972848 -0.000624932 -0.0980813 0.17881 0.170127 0.0104 -0.0058 
0.118117 0.0575914 0.0143431 -0.998238 -0.971141 -0.23101 -0.0593473 -0.231454 0.972846 0.000624932 0.106892 -0.101373 0.100574 0.0094 -0.0048 
0.0952287 0.0575914 0.0143431 -0.998238 -0.971141 -0.23101 -0.0593473 -0.231454 0.972846 0.000624932 0.167154 -0.0588079 0.109793 0.0098 -0.0064 
0.0908334 0.0575951 -0.998238 -0.0143429 -0.971141 -0.0593508 0.231007 -0.231451 0.000624082 -0.972847 0.0433018 -0.0881422 0.0724417 0.0254 -0.0264 
0.074379 0.0575914 0.0143431 -0.998238 -0.971141 -0.23101 -0.0593473 -0.231454 0.972846 0.000624932 0.137599 -0.089802 0.102869 0.0098 -0.0054 
0.0605646 -0.998237 0.0143392 -0.0575914 -0.0593464 -0.231007 0.971141 0.000621358 0.972847 0.231451 -0.222049 -0.00528544 0.128241 0.0084 -0.0044 
0.0424478 -0.0575914 -0.0143431 -0.998238 0.971141 0.23101 -0.0593473 0.231454 -0.972846 0.000624932 0.153332 0.174266 0.165343 0.0058 -0.0104 
0.0218981 0.0575915 -0.0143427 0.998238 -0.971142 0.231003 0.0593473 -0.231447 -0.972848 -0.000624932 0.137599 -0.0898022 0.10287 0.0052 -0.0104 
0.0100389 0.998237 0.0143465 0.0575914 0.0593481 -0.231007 -0.971141 -0.000628505 0.972847 -0.231451 0.271655 0.115689 0.149688 0.0102 -0.0062 
0.00512046 0.0575915 -0.0143427 0.998238 -0.971142 0.231003 0.0593473 -0.231447 -0.972848 -0.000624932 0.167154 -0.0588082 0.109794 0.0058 -0.0104 
0.00470966 -0.0575915 0.0143427 0.998238 0.971142 -0.231003 0.0593473 0.231447 0.972848 -0.000624932 0.153907 0.164555 0.163027 0.0102 -0.0058 
