3.31726 -0.998444 0.0208271 0.0517296 -0.0557476 -0.349744 -0.935186 -0.00138511 -0.936615 0.35036 -0.175805 0.0499152 0.0510169 0.0414 -0.0392 
3.23743 0.998444 0.0208344 -0.0517296 0.0557502 -0.349743 0.935186 0.00139199 -0.936615 -0.35036 0.243541 0.0733297 0.0516001 0.0414 -0.0392 
3.1867 -0.0208344 0.998445 -0.0517296 0.349743 0.0557502 0.935186 0.936614 0.00139199 -0.35036 0.0339997 0.0541298 0.256967 0.0334 -0.0328 
3.18486 -0.0208271 -0.998445 0.0517296 0.349743 -0.0557477 -0.935186 0.936614 -0.00138511 0.35036 0.0340008 0.0541298 0.256967 0.0324 -0.0338 
3.04368 -0.0517295 -0.0208309 0.998445 0.935185 0.349747 0.0557489 -0.350364 0.936614 0.00138855 -0.0502504 0.150733 0.0161617 0.0394 -0.0424 
3.01995 0.0517295 0.0208309 0.998445 -0.935185 -0.349747 0.0557489 0.350364 -0.936614 0.00138855 -0.0383526 -0.0643597 0.0967456 0.0418 -0.0394 
2.63916 -0.0208344 0.998445 -0.0517296 0.349743 0.0557502 0.935186 0.936614 0.00139199 -0.35036 0.0321629 0.0876041 0.23375 0.0374 -0.0362 
2.31576 0.00382269 0.998307 -0.0580628 -0.158657 0.0579332 0.985633 0.987326 0.0054443 0.15861 0.0387947 -0.0155806 0.230747 0.0328 -0.0348 
2.26189 0.00383002 -0.998306 0.0580628 -0.158657 -0.0579344 -0.985633 0.987326 -0.00543705 -0.15861 0.0387958 -0.0155806 0.230747 0.0344 -0.0332 
1.9284 -0.00383002 0.998306 0.0580628 0.158657 0.0579344 -0.985633 -0.987326 0.00543705 -0.15861 0.0399913 -0.00684507 -0.0818333 0.0282 -0.0304 
1.76016 -0.0517297 0.0208306 -0.998445 0.935188 -0.34974 -0.0557489 -0.350357 -0.936616 -0.00138855 0.107123 0.168901 0.0128787 0.0424 -0.0388 
1.75962 -0.0580664 0.998306 -0.00382636 0.985633 0.0579374 0.158657 0.15861 0.00544126 -0.987327 0.0351183 0.0657617 0.0391631 0.0258 -0.0304 
1.75959 0.0580664 -0.998306 -0.00382636 -0.985633 -0.0579374 0.158657 -0.15861 -0.00544126 -0.987327 0.0496351 -0.180647 -0.000489399 0.0304 -0.0258 
1.7575 -0.00382269 -0.998307 -0.0580628 0.158657 -0.0579332 0.985633 -0.987326 -0.0054443 0.15861 0.0399924 -0.00684501 -0.0818333 0.0298 -0.0288 
1.75354 0.0517297 -0.0208306 -0.998445 -0.935188 0.34974 -0.0557489 0.350357 0.936616 -0.00138855 0.119021 -0.0461923 0.0934605 0.0388 -0.0424 
1.23282 0.00383002 -0.998306 0.0580628 -0.158657 -0.0579344 -0.985633 0.987326 -0.00543705 -0.15861 0.0365278 0.0201078 0.266876 0.0372 -0.0368 
1.21361 0.00382269 0.998307 -0.0580628 -0.158657 0.0579332 0.985633 0.987326 0.0054443 0.15861 0.0365267 0.0201077 0.266876 0.0364 -0.0378 
1.14919 0.00383002 -0.998306 0.0580628 -0.158657 -0.0579344 -0.985633 0.987326 -0.00543705 -0.15861 0.0412933 -0.0607884 0.253858 0.0302 -0.0298 
1.13978 0.0517333 -0.998445 0.0208308 -0.935186 -0.0557524 -0.349743 0.35036 -0.00138727 -0.936615 0.0415328 -0.0790576 0.188429 0.0358 -0.0378 
1.07089 0.0517259 0.998445 -0.0208308 -0.935186 0.0557455 0.349743 0.35036 0.00138984 0.936615 0.0415317 -0.0790577 0.188429 0.0368 -0.0362 
1.05063 0.00382269 0.998307 -0.0580628 -0.158657 0.0579332 0.985633 0.987326 0.0054443 0.15861 0.0412922 -0.0607884 0.253858 0.0294 -0.0308 
1.00242 0.998444 -0.0208271 0.0517296 0.0557476 0.349744 -0.935186 0.00138511 0.936615 0.35036 0.243541 0.0733293 0.0515991 0.0384 -0.0418 
0.959074 0.0529236 -0.998497 -0.0143114 -0.972633 -0.0547891 0.225798 -0.226243 0.00196964 -0.97407 0.049007 -0.222583 -0.0287092 0.0274 -0.0282 
0.955908 0.0529163 0.998497 0.0143114 -0.972633 0.054782 -0.225798 -0.226243 -0.0019713 0.97407 0.0490059 -0.222583 -0.0287092 0.0278 -0.0282 
0.74477 -0.0208271 -0.998445 0.0517296 0.349743 -0.0557477 -0.935186 0.936614 -0.00138511 0.35036 0.0319557 0.0911016 0.243116 0.0358 -0.0374 
0.711206 0.0580591 0.998307 0.00382636 -0.985634 0.0579302 -0.158657 -0.15861 0.0054401 0.987327 0.0525371 -0.229928 -0.0084199 0.0254 -0.0304 
0.598011 0.0529236 -0.998497 -0.0143114 -0.972633 -0.0547891 0.225798 -0.226243 0.00196964 -0.97407 0.0493351 -0.227759 -0.00638201 0.0278 -0.0282 
0.497246 0.0517297 -0.0208306 -0.998445 -0.935188 0.34974 -0.0557489 0.350357 0.936616 -0.00138855 -0.0383526 -0.0643601 0.0967446 0.0392 -0.0424 
0.484219 -0.00382269 -0.998307 -0.0580628 0.158657 -0.0579332 0.985633 -0.987326 -0.0054443 0.15861 0.0423369 -0.0457065 -0.0982156 0.0304 -0.0258 
0.380194 -0.00383002 0.998306 0.0580628 0.158657 0.0579344 -0.985633 -0.987326 0.00543705 -0.15861 0.0447185 -0.0861547 -0.104725 0.0248 -0.0304 
0.33452 0.0517295 0.0208309 0.998445 -0.935185 -0.349747 0.0557489 0.350364 -0.936614 0.00138855 0.119021 -0.0461919 0.0934616 0.0418 -0.0392 
0.328473 -0.0517295 -0.0208309 0.998445 0.935185 0.349747 0.0557489 -0.350364 0.936614 0.00138855 0.10764 0.159549 0.0163812 0.0388 -0.0422 
0.314297 0.0529163 0.998497 0.0143114 -0.972633 0.054782 -0.225798 -0.226243 -0.0019713 0.97407 0.049334 -0.227759 -0.00638201 0.0274 -0.0284 
0.294201 -0.014315 0.998497 0.05292 0.225798 0.0547864 -0.972633 -0.974069 -0.00197405 -0.226243 0.038963 -0.0434783 -0.138037 0.0274 -0.0282 
0.291262 -0.014315 0.998497 0.05292 0.225798 0.0547864 -0.972633 -0.974069 -0.00197405 -0.226243 0.03775 -0.021184 -0.132851 0.0274 -0.0282 
0.272771 -0.0143077 -0.998497 -0.05292 0.225798 -0.0547847 0.972633 -0.974069 0.00196689 0.226243 0.0389641 -0.0434783 -0.138037 0.0278 -0.0282 
0.268853 -0.0143077 -0.998497 -0.05292 0.225798 -0.0547847 0.972633 -0.974069 0.00196689 0.226243 0.0377511 -0.0211839 -0.132851 0.0274 -0.0282 
0.252204 -0.0529236 0.998497 -0.0143114 0.972633 0.0547891 0.225798 0.226243 -0.00196964 -0.97407 0.0333311 0.0646559 0.0145739 0.0272 -0.0278 
0.242096 0.0529236 -0.998497 -0.0143114 -0.972633 -0.0547891 0.225798 -0.226243 0.00196964 -0.97407 0.0476206 -0.197955 -0.0465116 0.0274 -0.0274 
0.241598 0.00383002 -0.998306 0.0580628 -0.158657 -0.0579344 -0.985633 0.987326 -0.00543705 -0.15861 0.034145 0.0605559 0.273385 0.0394 -0.0384 
0.235309 -0.00382269 -0.998307 -0.0580628 0.158657 -0.0579332 0.985633 -0.987326 -0.0054443 0.15861 0.0447196 -0.0861546 -0.104725 0.0302 -0.0254 
0.211286 -0.0529236 0.998497 -0.0143114 0.972633 0.0547891 0.225798 0.226243 -0.00196964 -0.97407 0.0341883 0.0497539 0.0346388 0.0278 -0.0282 
0.144119 -0.0143077 -0.998497 -0.05292 0.225798 -0.0547847 0.972633 -0.974069 0.00196689 0.226243 0.0404634 -0.0702885 -0.123742 0.0278 -0.0278 
0.133432 -0.0529163 -0.998497 0.0143114 0.972633 -0.054782 -0.225798 0.226243 0.0019713 0.97407 0.0341894 0.049754 0.0346388 0.0278 -0.0284 
0.110117 -0.0580664 0.998306 -0.00382636 0.985633 0.0579374 0.158657 0.15861 0.00544126 -0.987327 0.0244004 0.24001 0.150334 0.0384 -0.0408 
0.102815 0.00382269 0.998307 -0.0580628 -0.158657 0.0579332 0.985633 0.987326 0.0054443 0.15861 0.0341439 0.0605558 0.273385 0.0378 -0.0402 
0.102774 -0.0580591 -0.998307 0.00382636 0.985634 -0.0579302 -0.158657 0.15861 -0.0054401 0.987327 0.0255628 0.220298 0.147162 0.0402 -0.0388 
0.031904 -0.0143077 -0.998497 -0.05292 0.225798 -0.0547847 0.972633 -0.974069 0.00196689 0.226243 0.0371106 -0.00792156 -0.0887029 0.0248 -0.0272 
0.0311865 -0.014315 0.998497 0.05292 0.225798 0.0547864 -0.972633 -0.974069 -0.00197405 -0.226243 0.0371095 -0.00792162 -0.0887029 0.0264 -0.0254 
