2.73046 0.0143431 -0.0575914 -0.998238 -0.23101 0.971141 -0.0593473 0.972846 0.231454 0.000624932 -0.0871477 -0.00382264 0.291065 0.0498 -0.0494 
1.18241 -0.0143426 -0.0575915 0.998238 0.231003 0.971142 0.0593473 -0.972847 0.231447 -0.000624932 -0.0917374 0.0700995 -0.0202456 0.05 -0.0498 
0.362891 0.0575878 0.998238 0.0143429 -0.971142 0.0593437 -0.231007 -0.231451 -0.000625782 0.972847 0.0438766 -0.0978537 0.0701272 0.0252 -0.0248 
0.0908334 0.0575951 -0.998238 -0.0143429 -0.971141 -0.0593508 0.231007 -0.231451 0.000624082 -0.972847 0.0433018 -0.0881422 0.0724417 0.0254 -0.0264 
