0.130464 0.926068 -0.165242 -0.339253 -0.0822366 -0.965792 0.245931 -0.368287 -0.19985 -0.907979 0.106987 -0.013695 0.00473901 0.118 -0.118 0.0872 -0.0872 
0.130407 0.926068 -0.165242 -0.339253 -0.0822366 -0.965792 0.245931 -0.368287 -0.19985 -0.907979 0.107664 -0.0037305 0.00423889 -0.1212 0.1212 -0.152 0.152 
0.129559 0.371036 0.182203 0.910568 0.0205568 -0.981933 0.188107 0.928391 -0.051076 -0.368079 0.0412315 -0.00371163 0.11463 0.2408 -0.2408 -0.0272 0.0272 
0.129525 0.371036 0.182203 0.910568 0.0205568 -0.981933 0.188107 0.928391 -0.051076 -0.368079 0.0419086 0.00625288 0.11413 0.0004 -0.0004 -0.2684 0.2684 
0.129231 0.926068 -0.165242 -0.339253 -0.0822366 -0.965792 0.245931 -0.368287 -0.19985 -0.907979 0.108342 0.00623401 0.00373877 -0.3682 0.3682 -0.3992 0.3992 
0.12923 -0.92591 -0.0333969 -0.376265 0.0822457 0.954364 -0.287098 0.368682 -0.296773 -0.880908 -0.0589554 0.0120758 0.0705197 0.1688 -0.1688 0.1392 -0.1392 
0.128988 -0.92591 -0.0333969 -0.376265 0.0822457 0.954364 -0.287098 0.368682 -0.296773 -0.880908 -0.0781534 0.00373963 0.0783904 -0.0706 0.0706 -0.1016 0.1016 
0.128803 0.371543 -0.182751 -0.910252 0.022167 0.981902 -0.188088 0.928151 0.0497053 0.36887 0.0453806 -0.00291953 0.112952 0.0512 -0.0512 -0.218 0.218 
0.127264 0.371036 0.182203 0.910568 0.0205568 -0.981933 0.188107 0.928391 -0.051076 -0.368079 0.0634653 -0.00512638 0.116542 0.1228 -0.1228 0.0962 -0.0962 
0.125771 0.371543 -0.182751 -0.910252 0.022167 0.981902 -0.188088 0.928151 0.0497053 0.36887 0.0460577 0.00704498 0.112452 0.2932 -0.2932 0.0222 -0.0222 
0.125726 0.926068 -0.165242 -0.339253 -0.0822366 -0.965792 0.245931 -0.368287 -0.19985 -0.907979 0.0877895 -0.0220311 0.0126096 0.3652 -0.3652 0.3326 -0.3326 
0.125433 0.371543 -0.182751 -0.910252 0.022167 0.981902 -0.188088 0.928151 0.0497053 0.36887 0.059031 0.00644441 0.118049 0.1676 -0.1676 0.1388 -0.1388 
0.125042 0.926022 0.163875 0.340042 -0.0806009 0.965913 -0.246 -0.368765 0.200394 0.907665 0.093137 -0.00207382 -0.00549707 0.2952 -0.2952 0.0242 -0.0242 
0.124695 -0.994606 -0.100877 0.0241265 0.10372 -0.966037 0.236675 -0.000567841 0.237901 0.971289 -0.0814562 0.0120116 0.0259096 0.0416 -0.0416 -0.2272 0.2272 
0.124273 0.371036 0.182203 0.910568 0.0205568 -0.981933 0.188107 0.928391 -0.051076 -0.368079 0.0641424 0.00483813 0.116042 -0.1166 0.1166 -0.1428 0.1428 
0.123947 -0.92591 -0.0333969 -0.376265 0.0822457 0.954364 -0.287098 0.368682 -0.296773 -0.880908 -0.0788304 -0.00622488 0.0788905 -0.3146 0.3146 -0.3468 0.3468 
0.122493 0.371036 0.182203 0.910568 0.0205568 -0.981933 0.188107 0.928391 -0.051076 -0.368079 0.0648194 0.0148026 0.115542 -0.3686 0.3686 -0.3852 0.3852 
0.120026 0.371036 0.182203 0.910568 0.0205568 -0.981933 0.188107 0.928391 -0.051076 -0.368079 0.055559 0.0156168 0.119227 -0.3696 0.3696 -0.3928 0.3928 
0.119856 0.371543 -0.182751 -0.910252 0.022167 0.981902 -0.188088 0.928151 0.0497053 0.36887 0.0224698 -0.0114693 0.11154 -0.3092 0.3092 -0.3368 0.3368 
0.11983 0.371036 0.182203 0.910568 0.0205568 -0.981933 0.188107 0.928391 -0.051076 -0.368079 0.0590753 -0.0153045 0.107759 0.3708 -0.3708 0.3416 -0.3416 
0.119494 -0.92618 0.0347643 0.375476 0.0805918 -0.954484 0.287167 0.368369 0.296229 0.881222 -0.0606658 0.0108318 0.0664967 -0.1158 0.1158 -0.1448 0.1448 
0.119494 -0.92618 0.0347643 0.375476 0.0805918 -0.954484 0.287167 0.368369 0.296229 0.881222 -0.0613429 0.000867323 0.0669968 0.1232 -0.1232 0.0946 -0.0946 
0.119436 0.994608 0.0989906 -0.03092 -0.103707 0.949781 -0.295232 0.000142007 0.296846 0.954925 0.106589 -0.0166443 0.0257017 0.0016 -0.0016 -0.2484 0.2484 
0.118945 0.926068 -0.165242 -0.339253 -0.0822366 -0.965792 0.245931 -0.368287 -0.19985 -0.907979 0.0940141 -0.0130944 -0.000858442 0.2328 -0.2328 -0.0176 0.0176 
0.118565 0.371036 0.182203 0.910568 0.0205568 -0.981933 0.188107 0.928391 -0.051076 -0.368079 0.0370381 0.0172452 0.126598 -0.3746 0.3746 -0.392 0.392 
0.118275 0.371036 0.182203 0.910568 0.0205568 -0.981933 0.188107 0.928391 -0.051076 -0.368079 0.0350069 -0.0126483 0.128098 0.3584 -0.3584 0.3378 -0.3378 
0.117737 -0.92591 -0.0333969 -0.376265 0.0822457 0.954364 -0.287098 0.368682 -0.296773 -0.880908 -0.0726058 0.00271182 0.0654224 0.0424 -0.0424 -0.2104 0.2104 
0.117672 0.371543 -0.182751 -0.910252 0.022167 0.981902 -0.188088 0.928151 0.0497053 0.36887 0.0305726 -0.00107754 0.129605 -0.0672 0.0672 -0.0916 0.0916 
0.117308 0.926022 0.163875 0.340042 -0.0806009 0.965913 -0.246 -0.368765 0.200394 0.907665 0.108469 -0.0223898 0.0103833 -0.3176 0.3176 -0.3276 0.3276 
0.115978 0.371543 -0.182751 -0.910252 0.022167 0.981902 -0.188088 0.928151 0.0497053 0.36887 0.0576769 -0.0134846 0.11905 -0.3176 0.3176 -0.3404 0.3404 
0.115316 -0.92618 0.0347643 0.375476 0.0805918 -0.954484 0.287167 0.368369 0.296229 0.881222 -0.0747967 0.0226383 0.0826498 -0.3718 0.3718 -0.38 0.38 
0.115316 -0.92618 0.0347643 0.375476 0.0805918 -0.954484 0.287167 0.368369 0.296229 0.881222 -0.0768279 -0.00725519 0.0841501 0.3616 -0.3616 0.3506 -0.3506 
0.113786 0.926068 -0.165242 -0.339253 -0.0822366 -0.965792 0.245931 -0.368287 -0.19985 -0.907979 0.0946911 -0.00312993 -0.00135856 -0.0086 0.0086 -0.2616 0.2616 
0.113529 0.371543 -0.182751 -0.910252 0.022167 0.981902 -0.188088 0.928151 0.0497053 0.36887 0.0312497 0.00888697 0.129105 0.172 -0.172 0.1476 -0.1476 
0.113452 -0.0683915 -0.991568 -0.110072 -0.996379 0.0734731 -0.0427874 0.0505139 0.106747 -0.993002 0.00349702 -0.0892273 0.0478713 0.3416 -0.3416 -0.0776 0.0776 
0.108643 0.926022 0.163875 0.340042 -0.0806009 0.965913 -0.246 -0.368765 0.200394 0.907665 0.0998858 -0.0116111 0.0135685 -0.0728 0.0728 -0.0832 0.0832 
0.108643 0.926022 0.163875 0.340042 -0.0806009 0.965913 -0.246 -0.368765 0.200394 0.907665 0.100563 -0.00164658 0.0130684 0.1672 -0.1672 0.1556 -0.1556 
0.108613 0.371036 0.182203 0.910568 0.0205568 -0.981933 0.188107 0.928391 -0.051076 -0.368079 0.0504919 -0.00452581 0.110945 0.2244 -0.2244 -0.0128 0.0128 
0.107729 -0.92618 0.0347643 0.375476 0.0805918 -0.954484 0.287167 0.368369 0.296229 0.881222 -0.0662133 0.0118596 0.0794646 -0.1236 0.1236 -0.134 0.134 
0.107729 -0.92618 0.0347643 0.375476 0.0805918 -0.954484 0.287167 0.368369 0.296229 0.881222 -0.0668904 0.00189513 0.0799648 0.116 -0.116 0.1048 -0.1048 
0.107164 0.994608 0.0989906 -0.03092 -0.103707 0.949781 -0.295232 0.000142007 0.296846 0.954925 0.107634 -0.00670378 0.0260076 0.2388 -0.2388 -0.0116 0.0116 
0.106271 -0.994496 -0.023816 -0.102035 0.104771 -0.236708 -0.965915 -0.00114812 -0.971289 0.2379 -0.112451 0.00400959 -0.00783758 0.0952 -0.0952 0.0232 -0.0232 
0.10601 0.926022 0.163875 0.340042 -0.0806009 0.965913 -0.246 -0.368765 0.200394 0.907665 0.104756 -0.0226034 0.00110063 -0.2642 0.2642 -0.3504 0.3504 
0.105473 -0.067021 0.991668 0.110015 -0.996522 -0.0720017 0.0419383 0.0495101 -0.106821 0.993045 0.0189427 -0.0997666 0.0587455 0.2492 -0.2492 0.0462 -0.0462 
0.105359 -0.92591 -0.0333969 -0.376265 0.0822457 0.954364 -0.287098 0.368682 -0.296773 -0.880908 -0.0719288 0.0126763 0.0649223 0.2856 -0.2856 0.0306 -0.0306 
0.10446 0.926022 0.163875 0.340042 -0.0806009 0.965913 -0.246 -0.368765 0.200394 0.907665 0.0869124 -0.0110105 0.00797102 -0.0662 0.0662 -0.0936 0.0936 
0.104205 0.0685497 0.792929 -0.605446 0.996388 -0.0849016 0.00162046 -0.0501185 -0.60337 -0.795885 0.0260141 0.0892364 0.034758 0.3712 -0.3712 -0.072 0.072 
0.103891 -0.067021 0.991668 0.110015 -0.996522 -0.0720017 0.0419383 0.0495101 -0.106821 0.993045 0.00968228 -0.0989524 0.0624307 0.008 -0.008 -0.1936 0.1936 
0.101643 -0.92618 0.0347643 0.375476 0.0805918 -0.954484 0.287167 0.368369 0.296229 0.881222 -0.0828996 0.0122466 0.0645845 -0.0166 0.0166 -0.2424 0.2424 
0.100698 0.371036 0.182203 0.910568 0.0205568 -0.981933 0.188107 0.928391 -0.051076 -0.368079 0.051169 0.0054387 0.110444 -0.0168 0.0168 -0.2544 0.2544 
0.100093 0.926022 0.163875 0.340042 -0.0806009 0.965913 -0.246 -0.368765 0.200394 0.907665 0.0875895 -0.00104601 0.0074709 0.174 -0.174 0.1452 -0.1452 
0.099123 0.0685497 0.792929 -0.605446 0.996388 -0.0849016 0.00162046 -0.0501185 -0.60337 -0.795885 0.0167536 0.0900506 0.0384432 0.124 -0.124 -0.3192 0.3192 
0.096808 0.0668629 -0.793029 0.605504 0.996513 0.0834303 -0.000771421 -0.0499056 0.603444 0.795842 0.0314159 0.0996282 0.0491678 -0.0166 0.0166 -0.218 0.218 
0.0954794 0.371543 -0.182751 -0.910252 0.022167 0.981902 -0.188088 0.928151 0.0497053 0.36887 0.0361202 -0.00210534 0.116637 0.03 -0.03 -0.194 0.194 
0.0949651 0.0668629 -0.793029 0.605504 0.996513 0.0834303 -0.000771421 -0.0499056 0.603444 0.795842 0.0158873 0.0888092 0.0125371 0.3404 -0.3404 -0.3956 0.3956 
0.0946444 -0.92618 0.0347643 0.375476 0.0805918 -0.954484 0.287167 0.368369 0.296229 0.881222 -0.0527595 -0.00991137 0.0638116 0.388 -0.388 0.3362 -0.3362 
0.0940158 -0.994546 0.0252845 0.101187 0.104297 0.236553 0.966004 0.000488766 0.971289 -0.2379 -0.11187 0.0095451 -0.00651259 0.0028 -0.0028 -0.0908 0.0908 
0.0926627 -0.994546 0.0252845 0.101187 0.104297 0.236553 0.966004 0.000488766 0.971289 -0.2379 -0.108771 0.039063 0.00440036 0.1304 -0.1304 0.2956 -0.2956 
0.0921251 -0.994496 -0.023816 -0.102035 0.104771 -0.236708 -0.965915 -0.00114812 -0.971289 0.2379 -0.111407 0.0139502 -0.0075317 0.1128 -0.1128 0.0202 -0.0202 
0.0920962 0.0668629 -0.793029 0.605504 0.996513 0.0834303 -0.000771421 -0.0499056 0.603444 0.795842 0.0214784 0.0904779 0.0533532 0.2244 -0.2244 0.0218 -0.0218 
0.0907714 0.99454 -0.0320779 -0.0993012 -0.104347 -0.29511 -0.949748 0.00116115 0.954925 -0.296846 0.109414 0.0101899 0.0142968 0.3568 -0.3568 -0.358 0.358 
0.0902117 -0.067021 0.991668 0.110015 -0.996522 -0.0720017 0.0419383 0.0495101 -0.106821 0.993045 0.00612233 -0.0707276 0.0201142 0.3216 -0.3216 -0.2848 0.2848 
0.089234 -0.994496 -0.023816 -0.102035 0.104771 -0.236708 -0.965915 -0.00114812 -0.971289 0.2379 -0.0857499 -0.0289481 -0.00874532 -0.0576 0.0576 0.2122 -0.2122 
0.0890697 -0.994496 -0.023816 -0.102035 0.104771 -0.236708 -0.965915 -0.00114812 -0.971289 0.2379 -0.0857852 -0.029252 0.00125 -0.3016 0.3016 -0.0272 0.0272 
0.0890695 -0.994496 -0.023816 -0.102035 0.104771 -0.236708 -0.965915 -0.00114812 -0.971289 0.2379 -0.0858204 -0.0295559 0.0112453 -0.5662 0.5662 -0.2684 0.2684 
0.0877982 -0.994546 0.0252845 0.101187 0.104297 0.236553 0.966004 0.000488766 0.971289 -0.2379 -0.108736 0.0393668 -0.00559496 -0.1092 0.1092 0.0436 -0.0436 
0.0862905 -0.92618 0.0347643 0.375476 0.0805918 -0.954484 0.287167 0.368369 0.296229 0.881222 -0.0928371 0.00309627 0.0687698 0.0916 -0.0916 0.1206 -0.1206 
0.0861291 0.371543 -0.182751 -0.910252 0.022167 0.981902 -0.188088 0.928151 0.0497053 0.36887 0.0367972 0.00785917 0.116137 0.2716 -0.2716 0.0446 -0.0446 
0.0850099 0.10426 0.262559 0.959267 0.994054 -0.057975 -0.092173 0.0314126 0.963173 -0.267043 -0.0117765 0.121843 -0.00274572 -0.1426 0.1426 0.0898 -0.0898 
0.0826705 0.10469 -0.262714 -0.959178 0.994059 0.0565072 0.09302 0.0297628 -0.963218 0.267069 -0.0184609 0.111916 0.0157836 -0.5656 0.5656 -0.3456 0.3456 
0.0823956 -0.994546 0.0252845 0.101187 0.104297 0.236553 0.966004 0.000488766 0.971289 -0.2379 -0.1087 0.0396707 -0.0155903 -0.3552 0.3552 -0.192 0.192 
0.0823785 0.10469 -0.262714 -0.959178 0.994059 0.0565072 0.09302 0.0297628 -0.963218 0.267069 -0.00743565 0.121115 0.00609747 -0.3126 0.3126 -0.0888 0.0888 
0.0816887 -0.00432374 -0.986223 0.165364 -0.0300876 -0.165162 -0.985807 0.999538 -0.00923778 -0.028959 0.00411209 0.0186615 0.0986508 0.3388 -0.3388 -0.3856 0.3856 
0.0800015 -0.104266 -0.269353 -0.957381 -0.994104 -0.00058172 0.108429 -0.0297627 0.963041 -0.267704 -0.0503158 -0.0955325 0.000514832 0.1468 -0.1468 0.1722 -0.1722 
0.0799389 0.10426 0.262559 0.959267 0.994054 -0.057975 -0.092173 0.0314126 0.963173 -0.267043 0.0368343 0.106068 0.0169555 0.362 -0.362 -0.3124 0.3124 
0.0766099 0.99454 -0.0320779 -0.0993012 -0.104347 -0.29511 -0.949748 0.00116115 0.954925 -0.296846 0.0832547 -0.0473628 0.0124549 0.3084 -0.3084 0.6022 -0.6022 
0.0755539 -0.104266 -0.269353 -0.957381 -0.994104 -0.00058172 0.108429 -0.0297627 0.963041 -0.267704 -0.0502805 -0.0952286 -0.00948049 -0.0936 0.0936 -0.0676 0.0676 
0.0749283 0.10469 -0.262714 -0.959178 0.994059 0.0565072 0.09302 0.0297628 -0.963218 0.267069 -0.0315403 0.0831396 0.0148627 -0.3916 0.3916 -0.3604 0.3604 
0.0731463 -0.994496 -0.023816 -0.102035 0.104771 -0.236708 -0.965915 -0.00114812 -0.971289 0.2379 -0.109317 0.0338313 -0.00691995 0.0108 -0.0108 0.1306 -0.1306 
0.0710883 -0.994496 -0.023816 -0.102035 0.104771 -0.236708 -0.965915 -0.00114812 -0.971289 0.2379 -0.0857147 -0.0286443 -0.0187406 0.1824 -0.1824 0.4646 -0.4646 
0.070798 0.10469 -0.262714 -0.959178 0.994059 0.0565072 0.09302 0.0297628 -0.963218 0.267069 -0.0215599 0.0823981 0.00487066 -0.1456 0.1456 -0.1228 0.1228 
0.0705738 -0.0683915 -0.991568 -0.110072 -0.996379 0.0734731 -0.0427874 0.0505139 0.106747 -0.993002 -0.00711756 -0.108342 0.0525568 0.3528 -0.3528 0.3796 -0.3796 
0.0702093 -0.994606 -0.100877 0.0241265 0.10372 -0.966037 0.236675 -0.000567841 0.237901 0.971289 -0.112196 0.00642243 -0.0143874 0.3836 -0.3836 -0.1456 0.1456 
0.0702093 -0.994606 -0.100877 0.0241265 0.10372 -0.966037 0.236675 -0.000567841 0.237901 0.971289 -0.112266 0.00581472 0.00560321 0.388 -0.388 -0.1412 0.1412 
0.0699477 -0.104266 -0.269353 -0.957381 -0.994104 -0.00058172 0.108429 -0.0297627 0.963041 -0.267704 -0.0414506 -0.106822 0.0102076 0.3652 -0.3652 0.6486 -0.6486 
0.0697649 -0.0683915 -0.991568 -0.110072 -0.996379 0.0734731 -0.0427874 0.0505139 0.106747 -0.993002 0.0206638 -0.110785 0.041501 -0.3826 0.3826 -0.3572 0.3572 
0.0696529 -0.994606 -0.100877 0.0241265 0.10372 -0.966037 0.236675 -0.000567841 0.237901 0.971289 -0.0725557 0.00102564 0.025607 0.2524 -0.2524 0.0482 -0.0482 
0.0687169 0.99454 -0.0320779 -0.0993012 -0.104347 -0.29511 -0.949748 0.00116115 0.954925 -0.296846 0.0833252 -0.0467551 -0.00753569 -0.1776 0.1776 0.0916 -0.0916 
0.0687167 0.99454 -0.0320779 -0.0993012 -0.104347 -0.29511 -0.949748 0.00116115 0.954925 -0.296846 0.0734153 -0.0454059 -0.0175343 -0.4296 0.4296 -0.1328 0.1328 
0.0683106 -0.92618 0.0347643 0.375476 0.0805918 -0.954484 0.287167 0.368369 0.296229 0.881222 -0.077352 0.0112188 0.0516165 0.2424 -0.2424 -0.368 0.368 
0.0666973 -0.0683915 -0.991568 -0.110072 -0.996379 0.0734731 -0.0427874 0.0505139 0.106747 -0.993002 0.0127575 -0.0900415 0.044186 0.0816 -0.0816 -0.3436 0.3436 
0.0645556 -0.994546 0.0252845 0.101187 0.104297 0.236553 0.966004 0.000488766 0.971289 -0.2379 -0.11079 0.0197895 -0.016202 -0.2446 0.2446 -0.3204 0.3204 
0.0642906 -0.067021 0.991668 0.110015 -0.996522 -0.0720017 0.0419383 0.0495101 -0.106821 0.993045 0.0201003 -0.110973 0.0369949 0.3768 -0.3768 0.4096 -0.4096 
0.0641641 0.105295 0.959145 -0.262592 0.993964 -0.0933304 0.0576646 0.0308009 -0.267078 -0.963182 0.0147431 0.108494 0.0135708 0.3576 -0.3576 -0.2956 0.2956 
0.0621408 0.371036 0.182203 0.910568 0.0205568 -0.981933 0.188107 0.928391 -0.051076 -0.368079 0.0252223 0.00663983 0.0992496 0.244 -0.244 -0.3764 0.3764 
0.0606239 0.103655 -0.959299 0.262681 0.994149 0.0918626 -0.0568176 0.0303745 0.267033 0.963208 0.00939654 0.0686824 0.0179481 0.35 -0.35 -0.3968 0.3968 
0.0605251 -0.067021 0.991668 0.110015 -0.996522 -0.0720017 0.0419383 0.0495101 -0.106821 0.993045 0.0128711 -0.0802648 0.0391798 0.2492 -0.2492 0.0408 -0.0408 
0.058384 -0.104684 0.269507 0.957292 -0.994009 0.00204952 -0.109276 -0.0314127 -0.962996 0.267678 -0.0368828 -0.11701 -0.00124536 -0.3392 0.3392 -0.0684 0.0684 
0.0583643 -0.104684 0.269507 0.957292 -0.994009 0.00204952 -0.109276 -0.0314127 -0.962996 0.267678 -0.00697669 -0.119538 -0.0212261 0.2456 -0.2456 0.4642 -0.4642 
0.0582401 -0.994496 -0.023816 -0.102035 0.104771 -0.236708 -0.965915 -0.00114812 -0.971289 0.2379 -0.111371 0.014254 -0.017527 0.392 -0.392 0.2586 -0.2586 
0.0575798 -0.994435 0.102345 -0.0249739 0.105348 0.965882 -0.236586 -9.15161e-005 -0.2379 -0.97129 -0.112055 0.00773997 -0.0199534 0.17 -0.17 -0.3624 0.3624 
0.0560997 -0.06821 -0.109993 0.991589 -0.996451 -0.0416272 -0.0731619 0.0493244 -0.99306 -0.106763 0.0234178 -0.102503 0.0102875 0.2404 -0.2404 -0.3856 0.3856 
0.0546345 -0.994606 -0.100877 0.0241265 0.10372 -0.966037 0.236675 -0.000567841 0.237901 0.971289 -0.111186 0.0160591 -0.00408623 0.1628 -0.1628 -0.3672 0.3672 
0.0540433 0.37054 -0.910684 0.182635 0.0216414 -0.188113 -0.981909 0.928564 0.367789 -0.0499951 0.0403105 -0.0253689 0.126269 0.1068 -0.1068 0.1506 -0.1506 
0.0538983 0.37054 -0.910684 0.182635 0.0216414 -0.188113 -0.981909 0.928564 0.367789 -0.0499951 0.049571 -0.0261831 0.122584 -0.1332 0.1332 -0.088 0.088 
0.0533983 -0.994496 -0.023816 -0.102035 0.104771 -0.236708 -0.965915 -0.00114812 -0.971289 0.2379 -0.114506 -0.0155677 -0.0184447 0.2108 -0.2108 0.4012 -0.4012 
0.0530625 0.10426 0.262559 0.959267 0.994054 -0.057975 -0.092173 0.0314126 0.963173 -0.267043 -0.012786 0.112207 -0.0130469 -0.3606 0.3606 -0.2312 0.2312 
0.0528154 -0.994606 -0.100877 0.0241265 0.10372 -0.966037 0.236675 -0.000567841 0.237901 0.971289 -0.111151 0.016363 -0.0140816 0.1604 -0.1604 -0.3692 0.3692 
0.0522315 -0.067021 0.991668 0.110015 -0.996522 -0.0720017 0.0419383 0.0495101 -0.106821 0.993045 0.00245302 -0.0682447 0.0646156 -0.2836 0.2836 -0.3292 0.3292 
0.0522029 0.99454 -0.0320779 -0.0993012 -0.104347 -0.29511 -0.949748 0.00116115 0.954925 -0.296846 0.11518 -0.0306177 0.0130766 0.3496 -0.3496 -0.3172 0.3172 
0.0520626 0.994502 0.0306094 0.100149 -0.104721 0.295265 0.949659 -0.000501797 -0.954925 0.296846 0.104779 -0.0339073 0.0117852 0.3744 -0.3744 -0.3292 0.3292 
0.0515351 0.994502 0.0306094 0.100149 -0.104721 0.295265 0.949659 -0.000501797 -0.954925 0.296846 0.118904 0.00480964 0.0130121 0.3424 -0.3424 -0.324 0.324 
0.049781 0.99454 -0.0320779 -0.0993012 -0.104347 -0.29511 -0.949748 0.00116115 0.954925 -0.296846 0.08329 -0.047059 0.00245963 0.0636 -0.0636 0.3346 -0.3346 
0.0493177 -0.104684 0.269507 0.957292 -0.994009 0.00204952 -0.109276 -0.0314127 -0.962996 0.267678 0.0269322 -0.0838233 0.00999325 0.33 -0.33 -0.3184 0.3184 
0.0489577 0.371036 0.182203 0.910568 0.0205568 -0.981933 0.188107 0.928391 -0.051076 -0.368079 0.0535278 -0.0142767 0.120727 0.3628 -0.3628 0.3062 -0.3062 
0.0485021 -0.104266 -0.269353 -0.957381 -0.994104 -0.00058172 0.108429 -0.0297627 0.963041 -0.267704 -0.0481558 -0.0750436 -0.0188641 -0.3366 0.3366 -0.3072 0.3072 
0.0465182 -0.994606 -0.100877 0.0241265 0.10372 -0.966037 0.236675 -0.000567841 0.237901 0.971289 -0.111221 0.0157553 0.00590909 0.1648 -0.1648 -0.3652 0.3652 
0.0461495 -0.994496 -0.023816 -0.102035 0.104771 -0.236708 -0.965915 -0.00114812 -0.971289 0.2379 -0.114541 -0.0158716 -0.00844933 -0.0252 0.0252 0.1526 -0.1526 
0.0460949 -0.105297 -0.957259 0.269385 -0.993977 0.109587 0.000892154 -0.030375 -0.267669 -0.963032 -0.00939034 -0.110088 0.00684078 0.3036 -0.3036 -0.346 0.346 
0.0452289 -0.104684 0.269507 0.957292 -0.994009 0.00204952 -0.109276 -0.0314127 -0.962996 0.267678 -0.0368476 -0.116706 -0.0112407 -0.0896 0.0896 0.1772 -0.1772 
0.0440575 0.371036 0.182203 0.910568 0.0205568 -0.981933 0.188107 0.928391 -0.051076 -0.368079 0.0622641 0.00338308 0.0845085 0.236 -0.236 -0.3776 0.3776 
0.0429452 -0.994546 0.0252845 0.101187 0.104297 0.236553 0.966004 0.000488766 0.971289 -0.2379 -0.108806 0.0387591 0.0143957 0.3776 -0.3776 0.5918 -0.5918 
0.0420227 -0.104266 -0.269353 -0.957381 -0.994104 -0.00058172 0.108429 -0.0297627 0.963041 -0.267704 -0.0324444 -0.116897 -0.020081 -0.4388 0.4388 -0.14 0.14 
0.0411672 0.371036 0.182203 0.910568 0.0205568 -0.981933 0.188107 0.928391 -0.051076 -0.368079 0.0727257 -0.00594057 0.112857 0.0612 -0.0612 0.1426 -0.1426 
0.0403087 0.371543 -0.182751 -0.910252 0.022167 0.981902 -0.188088 0.928151 0.0497053 0.36887 0.0213122 -0.000263349 0.133291 -0.1246 0.1246 -0.0244 0.0244 
0.0400155 0.37054 -0.910684 0.182635 0.0216414 -0.188113 -0.981909 0.928564 0.367789 -0.0499951 0.0273372 -0.0247683 0.120672 0.3536 -0.3536 0.3976 -0.3976 
0.0386883 -0.994546 0.0252845 0.101187 0.104297 0.236553 0.966004 0.000488766 0.971289 -0.2379 -0.120806 0.0202272 0.00378531 0.1472 -0.1472 0.1702 -0.1702 
0.0383695 0.994502 0.0306094 0.100149 -0.104721 0.295265 0.949659 -0.000501797 -0.954925 0.296846 0.100058 0.0168409 0.0133113 0.324 -0.324 -0.3404 0.3404 
0.0376256 -0.067021 0.991668 0.110015 -0.996522 -0.0720017 0.0419383 0.0495101 -0.106821 0.993045 0.0152298 -0.0999802 0.0494627 0.258 -0.258 0.0108 -0.0108 
0.0365827 -0.994435 0.102345 -0.0249739 0.105348 0.965882 -0.236586 -9.15161e-005 -0.2379 -0.97129 -0.112126 0.00713225 3.72539e-005 0.1644 -0.1644 -0.366 0.366 
0.0365028 -0.92618 0.0347643 0.375476 0.0805918 -0.954484 0.287167 0.368369 0.296229 0.881222 -0.091483 0.0230253 0.0677696 -0.4392 0.4392 -0.346 0.346 
0.0362694 -0.0027266 0.986228 -0.165367 -0.0306837 0.165207 0.985782 0.999525 0.00776189 0.0298107 0.00584535 0.0241114 0.0988226 0.3532 -0.3532 -0.2652 0.2652 
0.0361565 0.926022 0.163875 0.340042 -0.0806009 0.965913 -0.246 -0.368765 0.200394 0.907665 0.0831995 -0.0112241 -0.00131169 -0.0122 0.0122 -0.1528 0.1528 
0.034123 -0.067021 0.991668 0.110015 -0.996522 -0.0720017 0.0419383 0.0495101 -0.106821 0.993045 0.0238132 -0.110759 0.0462776 0.3672 -0.3672 0.4202 -0.4202 
0.0340446 0.10469 -0.262714 -0.959178 0.994059 0.0565072 0.09302 0.0297628 -0.963218 0.267069 -0.0294156 0.103325 0.00547912 -0.1446 0.1446 -0.1172 0.1172 
0.0311154 -0.104266 -0.269353 -0.957381 -0.994104 -0.00058172 0.108429 -0.0297627 0.963041 -0.267704 -0.0325149 -0.117504 -9.03282e-005 0.102 -0.102 0.3536 -0.3536 
0.0303007 0.10469 -0.262714 -0.959178 0.994059 0.0565072 0.09302 0.0297628 -0.963218 0.267069 -0.0074004 0.121419 -0.00389785 -0.0476 0.0476 0.1526 -0.1526 
0.0292465 0.371036 0.182203 0.910568 0.0205568 -0.981933 0.188107 0.928391 -0.051076 -0.368079 0.031971 -0.00289744 0.118315 0.1764 -0.1764 0.0282 -0.0282 
0.0282416 0.99454 -0.0320779 -0.0993012 -0.104347 -0.29511 -0.949748 0.00116115 0.954925 -0.296846 0.10419 -0.0395129 0.0127674 0.3552 -0.3552 -0.2772 0.2772 
0.0269328 -0.104266 -0.269353 -0.957381 -0.994104 -0.00058172 0.108429 -0.0297627 0.963041 -0.267704 -0.0125892 -0.119291 -0.0100791 -0.1058 0.1058 -0.0002 0.0002 
0.0258186 0.371036 0.182203 0.910568 0.0205568 -0.981933 0.188107 0.928391 -0.051076 -0.368079 0.0683358 -0.0161187 0.104074 0.306 -0.306 0.3898 -0.3898 
0.0248608 -0.994546 0.0252845 0.101187 0.104297 0.236553 0.966004 0.000488766 0.971289 -0.2379 -0.11861 0.0410199 -0.0255889 -0.7642 0.7642 -0.392 0.392 
0.0223047 0.0668629 -0.793029 0.605504 0.996513 0.0834303 -0.000771421 -0.0499056 0.603444 0.795842 0.0283801 0.109379 0.039385 -0.1516 0.1516 -0.0976 0.0976 
0.0212271 0.10426 0.262559 0.959267 0.994054 -0.057975 -0.092173 0.0314126 0.963173 -0.267043 0.0457348 0.0950825 0.0166529 0.3508 -0.3508 -0.2848 0.2848 
0.0209994 -0.994435 0.102345 -0.0249739 0.105348 0.965882 -0.236586 -9.15161e-005 -0.2379 -0.97129 -0.112161 0.0068284 0.0100326 0.1624 -0.1624 -0.3676 0.3676 
0.0200691 0.0685497 0.792929 -0.605446 0.996388 -0.0849016 0.00162046 -0.0501185 -0.60337 -0.795885 0.0125166 0.108311 -0.0033731 0.3668 -0.3668 -0.2848 0.2848 
0.0174046 0.0668629 -0.793029 0.605504 0.996513 0.0834303 -0.000771421 -0.0499056 0.603444 0.795842 0.0191197 0.110193 0.0430703 0.0896 -0.0896 0.1442 -0.1442 
0.0172147 -0.92591 -0.0333969 -0.376265 0.0822457 0.954364 -0.287098 0.368682 -0.296773 -0.880908 -0.102265 0.00369934 0.0449448 0.1164 -0.1164 -0.3844 0.3844 
0.0158432 0.10426 0.262559 0.959267 0.994054 -0.057975 -0.092173 0.0314126 0.963173 -0.267043 -0.00183129 0.120798 -0.00274243 -0.1196 0.1196 0.0476 -0.0476 
0.0155265 0.99454 -0.0320779 -0.0993012 -0.104347 -0.29511 -0.949748 0.00116115 0.954925 -0.296846 0.0734505 -0.0451021 -0.0275296 -0.7162 0.7162 -0.3872 0.3872 
0.0147751 -0.994435 0.102345 -0.0249739 0.105348 0.965882 -0.236586 -9.15161e-005 -0.2379 -0.97129 -0.111046 0.0173767 -0.00965219 0.3884 -0.3884 -0.1396 0.1396 
0.0147749 -0.994435 0.102345 -0.0249739 0.105348 0.965882 -0.236586 -9.15161e-005 -0.2379 -0.97129 -0.111081 0.0170728 0.000343131 0.3864 -0.3864 -0.1416 0.1416 
0.0142877 -0.994606 -0.100877 0.0241265 0.10372 -0.966037 0.236675 -0.000567841 0.237901 0.971289 -0.111257 0.0154514 0.0159044 0.1612 -0.1612 -0.3436 0.3436 
0.0128411 -0.994496 -0.023816 -0.102035 0.104771 -0.236708 -0.965915 -0.00114812 -0.971289 0.2379 -0.120307 0.0249361 -0.00722912 0.0904 -0.0904 0.1152 -0.1152 
0.0118134 -0.994496 -0.023816 -0.102035 0.104771 -0.236708 -0.965915 -0.00114812 -0.971289 0.2379 -0.120342 0.0246322 0.0027662 -0.1488 0.1488 -0.124 0.124 
0.0113778 -0.994546 0.0252845 0.101187 0.104297 0.236553 0.966004 0.000488766 0.971289 -0.2379 -0.0878005 0.0472167 -0.00528249 -0.1706 0.1706 0.0932 -0.0932 
0.0104372 0.10469 -0.262714 -0.959178 0.994059 0.0565072 0.09302 0.0297628 -0.963218 0.267069 -0.0173104 0.122768 -0.0138965 0.1552 -0.1552 0.6412 -0.6412 
