7.45703 0.90987 -0.254563 0.327618 0.375456 0.841213 -0.389094 -0.176547 0.477031 0.860972 0.0895963 0.0700042 -0.0332282 -0.26536 0 0 -0.136555 0 0 -0.0309971 
6.58451 0.671931 0.490927 0.554527 0.0507886 -0.77752 0.626803 0.738871 -0.393005 -0.547373 0.0637528 0.0129218 0.115344 -0.421184 0 0 -0.441709 0 0 -0.338036 
6.52735 0.871018 0.411435 0.268419 0.00180006 -0.549069 0.835775 0.491248 -0.727492 -0.47899 0.0902723 -0.0223311 0.0866526 -0.13446 0 0 -0.131319 0 0 -0.00481712 
6.47024 -0.871016 0.22211 -0.438177 -0.00180536 -0.893395 -0.449269 -0.491252 -0.390529 0.778562 -0.0421734 0.0358458 -0.0634594 -0.137602 0 0 -0.149959 0 0 0.00670208 
6.3791 0.943722 0.317718 -0.0918939 0.321731 -0.817458 0.477756 0.0766723 -0.480434 -0.873673 0.122521 0.0354116 0.0662086 -0.356886 0 0 -0.36275 0 0 -0.224729 
6.31111 -0.25057 -0.0839193 0.964454 0.158118 0.979311 0.126292 -0.955099 0.184142 -0.232117 -0.0306763 0.0216435 -0.0592509 -0.183679 0 0 -0.184517 0 0 -0.0867082 
6.24554 0.00653252 0.563664 0.825978 -0.249907 -0.798865 0.547139 0.968248 -0.209992 0.135645 -0.00313452 -0.0293761 0.0957537 -0.361075 0 0 -0.180956 0 0 -0.0844043 
6.18071 0.943722 0.317718 -0.0918939 0.321731 -0.817458 0.477756 0.0766723 -0.480434 -0.873673 0.119021 0.0450792 0.0687274 -0.363588 0 0 -0.370499 0 0 -0.223891 
6.04688 0.250568 -0.554905 -0.793282 -0.158111 0.784964 -0.599027 0.9551 0.275524 0.10895 0.0920739 -0.000443934 0.107138 -0.361075 0 0 -0.514594 0 0 -0.224729 
6.01649 0.662694 0.145502 -0.73462 0.404206 -0.895284 0.187307 -0.63044 -0.421064 -0.652112 0.106161 0.0608744 -0.00976967 -0.13844 0 0 -0.138649 0 0 -0.0299499 
5.98823 0.466196 -0.107038 0.878182 0.377292 0.921911 -0.0879227 -0.800195 0.37232 0.470176 0.0213998 0.0583642 -0.0833285 -0.2507 0 0 -0.136345 0 0 0.0102626 
5.86418 0.357272 0.543117 0.759856 -0.469086 -0.599163 0.648816 0.80766 -0.588242 0.0407048 0.0266393 -0.066646 0.0877077 -0.135508 0 0 -0.213 0 0 -0.0270178 
5.86381 0.871018 0.411435 0.268419 0.00180006 -0.549069 0.835775 0.491248 -0.727492 -0.47899 0.101153 -0.0184516 0.087813 -0.445898 0 0 -0.398355 0 0 -0.300128 
5.74435 0.943722 0.317718 -0.0918939 0.321731 -0.817458 0.477756 0.0766723 -0.480434 -0.873673 0.100853 0.041918 0.0556122 -0.183469 0 0 -0.19834 0 0 -0.0875459 
5.72637 -0.909873 -0.384261 -0.156446 -0.375449 0.923061 -0.0836411 0.176549 -0.0173653 -0.984139 -0.0617348 -0.0206454 0.0598972 -0.613031 0 0 -0.618057 0 0 -0.487576 
5.7155 0.250568 -0.554905 -0.793282 -0.158111 0.784964 -0.599027 0.9551 0.275524 0.10895 0.0854601 0.00053193 0.094201 -0.134879 0 0 -0.358561 0 0 -0.0299499 
5.69119 0.90987 -0.254563 0.327618 0.375456 0.841213 -0.389094 -0.176547 0.477031 0.860972 0.102477 0.044248 -0.0499388 -0.135508 0 0 -0.176767 0 0 0.0102626 
5.67789 0.00653252 0.563664 0.825978 -0.249907 -0.798865 0.547139 0.968248 -0.209992 0.135645 -0.00621974 -0.034 0.109213 -0.537632 0 0 -0.420346 0 0 -0.336989 
5.64079 0.820554 -0.440075 -0.364725 0.153684 0.784487 -0.6008 0.55052 0.436937 0.711347 0.1335 0.0327377 0.0373534 -0.361493 0 0 -0.557529 0 0 -0.225357 
5.63958 0.662694 0.145502 -0.73462 0.404206 -0.895284 0.187307 -0.63044 -0.421064 -0.652112 0.11218 0.0546436 -0.0219789 -0.412387 0 0 -0.420346 0 0 -0.338455 
5.47374 0.943722 0.317718 -0.0918939 0.321731 -0.817458 0.477756 0.0766723 -0.480434 -0.873673 0.0935109 0.0467578 0.0713216 0.118543 0 0 -0.0850326 0 0 0.431865 
5.4699 -0.357269 0.0904278 -0.929614 0.469081 -0.843301 -0.262309 -0.807664 -0.529779 0.258868 0.030262 0.0570714 -0.0698588 -0.138021 0 0 -0.121894 0 0 -0.0263894 
5.42581 -0.820556 -0.198748 0.535897 -0.153678 0.979787 0.128065 -0.550518 0.0227291 -0.834514 -0.0660979 -0.0198312 0.0062187 0.11959 0 0 0.130481 0 0 0.436473 
5.39841 0.936003 -0.349866 -0.0386181 0.173912 0.555056 -0.813429 0.306027 0.754656 0.58038 0.120405 0.0349171 0.00574072 -0.218236 0 0 -0.135508 0 0 -0.028065 
5.36444 0.671931 0.490927 0.554527 0.0507886 -0.77752 0.626803 0.738871 -0.393005 -0.547373 0.0610863 -0.00901852 0.106869 -0.172997 0 0 -0.136974 0 0 -0.0305782 
5.34917 -0.466199 -0.531785 -0.70701 -0.377285 0.842363 -0.384812 0.800197 0.0873455 -0.593343 -0.000917127 -0.0224757 0.106954 -0.61345 0 0 -0.605072 0 0 -0.487576 
5.30565 0.75226 -0.168873 0.636856 0.576976 0.635554 -0.513001 -0.318124 0.753361 0.575538 0.0866498 0.0635446 -0.050322 -0.483597 0 0 -0.446526 0 0 -0.358352 
5.2652 -0.466199 -0.531785 -0.70701 -0.377285 0.842363 -0.384812 0.800197 0.0873455 -0.593343 0.0245928 -0.0241543 0.10436 0.120219 0 0 -0.0102626 0 0 0.434797 
5.20636 0.571447 -0.511474 -0.64175 -0.331025 0.571902 -0.750567 0.750913 0.641345 0.157501 0.11857 -0.00878518 0.0811467 -0.567373 0 0 -0.383694 0 0 -0.245883 
5.20282 0.90987 -0.254563 0.327618 0.375456 0.841213 -0.389094 -0.176547 0.477031 0.860972 0.0799287 0.0673991 -0.036665 -0.0182213 0 0 0.118543 0 0 0.431237 
5.15668 0.936003 -0.349866 -0.0386181 0.173912 0.555056 -0.813429 0.306027 0.754656 0.58038 0.111736 0.0368957 -0.00172434 0.10849 0 0 0.142 0 0 0.491975 
5.0993 0.943722 0.317718 -0.0918939 0.321731 -0.817458 0.477756 0.0766723 -0.480434 -0.873673 0.110745 0.0553023 0.0624776 -0.421812 0 0 -0.539517 0 0 -0.337827 
5.09833 0.936003 -0.349866 -0.0386181 0.173912 0.555056 -0.813429 0.306027 0.754656 0.58038 0.134861 0.0393685 0.00818943 -0.459511 0 0 -0.382647 0 0 -0.241065 
5.08772 -0.00653017 0.0751594 -0.99715 0.2499 -0.965409 -0.0744035 -0.96825 -0.249674 -0.0124781 0.0553703 0.0574228 -0.0671081 -0.137602 0 0 -0.135298 0 0 -0.0291122 
5.07264 -0.909873 -0.384261 -0.156446 -0.375449 0.923061 -0.0836411 0.176549 -0.0173653 -0.984139 -0.0603265 -0.0148659 0.0841611 -0.126921 0 0 -0.135508 0 0 0.0129853 
5.06976 -0.357269 0.0904278 -0.929614 0.469081 -0.843301 -0.262309 -0.807664 -0.529779 0.258868 0.0215932 0.0590499 -0.0773239 -0.449039 0 0 -0.438986 0 0 -0.361912 
5.0661 0.820554 -0.440075 -0.364725 0.153684 0.784487 -0.6008 0.55052 0.436937 0.711347 0.11525 0.029878 0.022966 0.11959 0 0 -0.0485901 0 0 0.432284 
5.04598 0.671931 0.490927 0.554527 0.0507886 -0.77752 0.626803 0.738871 -0.393005 -0.547373 0.0482053 0.0167377 0.12358 -0.136345 0 0 -0.350603 0 0 0.0102626 
5.0181 -0.936006 -0.283678 0.208376 -0.173907 0.887408 0.426923 -0.306023 0.363364 -0.879953 -0.0599806 -0.0329057 0.0110882 -0.0745606 0 0 -0.183679 0 0 0.0527789 
4.99618 -0.365759 0.542209 0.756459 -0.66519 -0.720763 0.194994 0.650955 -0.431868 0.624298 -0.0477334 -0.0760752 0.0577288 -0.383066 0 0 -0.485272 0 0 -0.240437 
4.95323 -0.909873 -0.384261 -0.156446 -0.375449 0.923061 -0.0836411 0.176549 -0.0173653 -0.984139 -0.0485667 -0.0277079 0.0608152 -0.179909 0 0 -0.165248 0 0 -0.0833571 
4.94698 0.943722 0.317718 -0.0918939 0.321731 -0.817458 0.477756 0.0766723 -0.480434 -0.873673 0.102128 0.0510301 0.0668996 -0.137602 0 0 -0.314369 0 0 -0.0305782 
4.93299 0.662694 0.145502 -0.73462 0.404206 -0.895284 0.187307 -0.63044 -0.421064 -0.652112 0.117812 0.0667722 -0.0162135 -0.363797 0 0 -0.361493 0 0 -0.223263 
4.89637 0.662694 0.145502 -0.73462 0.404206 -0.895284 0.187307 -0.63044 -0.421064 -0.652112 0.105179 0.0739788 -0.0169413 -0.421393 0 0 -0.421393 0 0 -0.335313 
4.82442 -0.671928 0.147897 -0.725699 -0.0507951 -0.986754 -0.154068 -0.738872 -0.0666609 0.67054 -0.0172778 0.0143356 -0.091675 -0.362541 0 0 -0.361703 0 0 -0.223263 
4.81814 -0.466199 -0.531785 -0.70701 -0.377285 0.842363 -0.384812 0.800197 0.0873455 -0.593343 -0.00791819 -0.00314049 0.111992 -0.593134 0 0 -0.614497 0 0 -0.48611 
4.80294 0.662694 0.145502 -0.73462 0.404206 -0.895284 0.187307 -0.63044 -0.421064 -0.652112 0.109661 0.0512068 -0.0122885 -0.129224 0 0 -0.136974 0 0 -0.0316254 
4.77701 0.662694 0.145502 -0.73462 0.404206 -0.895284 0.187307 -0.63044 -0.421064 -0.652112 0.10266 0.070542 -0.00725087 -0.138021 0 0 -0.173207 0 0 -0.029531 
4.77244 -0.671928 0.147897 -0.725699 -0.0507951 -0.986754 -0.154068 -0.738872 -0.0666609 0.67054 -0.0169907 0.0330294 -0.0740464 -0.135927 0 0 -0.135508 0 0 -0.0289027 
4.75929 -0.25057 -0.0839193 0.964454 0.158118 0.979311 0.126292 -0.955099 0.184142 -0.232117 -0.0423277 0.0157458 -0.052807 0.11959 0 0 0.116868 0 0 0.433331 
4.72239 -0.357269 0.0904278 -0.929614 0.469081 -0.843301 -0.262309 -0.807664 -0.529779 0.258868 0.0322419 0.0721701 -0.0681561 -0.137602 0 0 -0.0716285 0 0 0.0835666 
4.67103 -0.00653017 0.0751594 -0.99715 0.2499 -0.965409 -0.0744035 -0.96825 -0.249674 -0.0124781 0.0421751 0.053975 -0.0722132 -0.614497 0 0 -0.611984 0 0 -0.487576 
4.67101 -0.936006 -0.283678 0.208376 -0.173907 0.887408 0.426923 -0.306023 0.363364 -0.879953 -0.0677478 -0.0544343 0.0144019 -0.127968 0 0 -0.136555 0 0 0.0108909 
4.64944 -0.466199 -0.531785 -0.70701 -0.377285 0.842363 -0.384812 0.800197 0.0873455 -0.593343 0.0140912 0.0048485 0.111917 0.125873 0 0 0.120009 0 0 0.43396 
4.64032 0.874535 0.224301 -0.429975 0.471631 -0.599826 0.646354 -0.112932 -0.768048 -0.630356 0.125987 0.036135 0.0314584 -0.446945 0 0 -0.336361 0 0 -0.238552 
4.63689 0.357272 0.543117 0.759856 -0.469086 -0.599163 0.648816 0.80766 -0.588242 0.0407048 0.0353081 -0.0686245 0.0951727 -0.446526 0 0 -0.488414 0 0 -0.358352 
4.58291 0.250568 -0.554905 -0.793282 -0.158111 0.784964 -0.599027 0.9551 0.275524 0.10895 0.0815723 0.0285589 0.114694 -0.356886 0 0 -0.361075 0 0 -0.223263 
4.58271 0.874535 0.224301 -0.429975 0.471631 -0.599826 0.646354 -0.112932 -0.768048 -0.630356 0.111801 0.0303741 0.0308524 -0.180328 0 0 -0.0353954 0 0 0.1198 
4.58199 -0.909873 -0.384261 -0.156446 -0.375449 0.923061 -0.0836411 0.176549 -0.0173653 -0.984139 -0.0652353 -0.0109778 0.062416 -0.600255 0 0 -0.61701 0 0 -0.48611 
4.5686 0.671931 0.490927 0.554527 0.0507886 -0.77752 0.626803 0.738871 -0.393005 -0.547373 0.0578729 0.0193428 0.127017 -0.36275 0 0 -0.586641 0 0 -0.223891 
4.56511 -0.820556 -0.198748 0.535897 -0.153678 0.979787 0.128065 -0.550518 0.0227291 -0.834514 -0.0665132 -0.00553965 -0.00472212 -0.179909 0 0 -0.184098 0 0 -0.085661 
4.56151 -0.25057 -0.0839193 0.964454 0.158118 0.979311 0.126292 -0.955099 0.184142 -0.232117 -0.0458282 0.0254134 -0.0502882 0.118962 0 0 0.117915 0 0 0.436892 
4.54861 -0.00653017 0.0751594 -0.99715 0.2499 -0.965409 -0.0744035 -0.96825 -0.249674 -0.0124781 0.0639258 0.0471671 -0.0603446 0.125873 0 0 0.118962 0 0 0.431656 
4.54428 -0.00653017 0.0751594 -0.99715 0.2499 -0.965409 -0.0744035 -0.96825 -0.249674 -0.0124781 0.0518698 0.0670904 -0.0645893 -0.137393 0 0 -0.123988 0 0 -0.024295 
4.53953 0.820554 -0.440075 -0.364725 0.153684 0.784487 -0.6008 0.55052 0.436937 0.711347 0.129999 0.0424053 0.0398723 -0.362541 0 0 -0.462234 0 0 -0.221588 
4.52761 0.571447 -0.511474 -0.64175 -0.331025 0.571902 -0.750567 0.750913 0.641345 0.157501 0.107819 -0.00544911 0.0707504 -0.3816 0 0 -0.136345 0 0 -0.0326726 
4.51783 -0.357269 0.0904278 -0.929614 0.469081 -0.843301 -0.262309 -0.807664 -0.529779 0.258868 0.0177858 0.0677188 -0.0706049 -0.450087 0 0 -0.394585 0 0 -0.338874 
4.50994 -0.752263 -0.464671 -0.467099 -0.576971 0.80691 0.126495 0.318128 0.36466 -0.87511 -0.0223198 -0.0583318 0.065234 -0.158546 0 0 -0.184726 0 0 -0.0802155 
4.49486 -0.752263 -0.464671 -0.467099 -0.576971 0.80691 0.126495 0.318128 0.36466 -0.87511 -0.0320131 -0.067963 0.0721672 -0.420137 0 0 -0.450087 0 0 -0.326308 
4.45347 -0.00653017 0.0751594 -0.99715 0.2499 -0.965409 -0.0744035 -0.96825 -0.249674 -0.0124781 0.0468148 0.0676785 -0.0738717 -0.420346 0 0 -0.402963 0 0 -0.331125 
4.44566 -0.936006 -0.283678 0.208376 -0.173907 0.887408 0.426923 -0.306023 0.363364 -0.879953 -0.0570991 -0.0413142 0.0235696 0.179281 0 0 0.139068 0 0 0.525066 
4.43416 -0.662692 0.493322 0.563448 -0.404212 -0.86899 0.285428 0.630438 -0.0386013 0.775279 -0.0564332 -0.024735 0.048358 -0.351231 0 0 -0.182003 0 0 -0.081891 
4.40886 0.90987 -0.254563 0.327618 0.375456 0.841213 -0.389094 -0.176547 0.477031 0.860972 0.0992639 0.0726093 -0.0297914 -0.517526 0 0 -0.420346 0 0 -0.338036 
4.40163 0.871018 0.411435 0.268419 0.00180006 -0.549069 0.835775 0.491248 -0.727492 -0.47899 0.0940797 -0.0309999 0.0799336 -0.135927 0 0 -0.131738 0 0 -0.0247139 
4.39534 0.671931 0.490927 0.554527 0.0507886 -0.77752 0.626803 0.738871 -0.393005 -0.547373 0.0696328 0.00650078 0.103671 -0.605072 0 0 -0.616172 0 0 -0.489671 
4.36979 -0.127855 -0.559027 -0.819232 -0.642051 0.676223 -0.361238 0.755926 0.479803 -0.445383 0.057489 -0.0425822 0.0901388 -0.0291122 0 0 0.140534 0 0 0.482131 
4.33072 0.466196 -0.107038 0.878182 0.377292 0.921911 -0.0879227 -0.800195 0.37232 0.470176 0.0300169 0.0626365 -0.0877505 -0.492603 0 0 -0.36275 0 0 -0.22431 
4.32447 0.0435042 0.943475 -0.328576 0.866 0.128377 0.483284 0.498148 -0.305572 -0.811464 -0.0136094 0.103838 0.110079 -0.080425 0 0 0.145142 0 0 0.495744 
4.29706 -0.57145 -0.122071 0.811507 0.331031 0.870562 0.36406 -0.750909 0.476676 -0.457073 -0.051804 -0.00564701 -0.0395084 0.151006 0 0 0.140534 0 0 0.487786 
4.2886 0.00653252 0.563664 0.825978 -0.249907 -0.798865 0.547139 0.968248 -0.209992 0.135645 -0.0163297 -0.0328238 0.0906486 -0.0500562 0 0 0.11959 0 0 0.437101 
4.27582 0.250568 -0.554905 -0.793282 -0.158111 0.784964 -0.599027 0.9551 0.275524 0.10895 0.0749585 0.0295348 0.101757 -0.133413 0 0 -0.135508 0 0 -0.029531 
4.24631 0.662694 0.145502 -0.73462 0.404206 -0.895284 0.187307 -0.63044 -0.421064 -0.652112 0.103642 0.0574376 -7.92233e-005 0.117496 0 0 0.113307 0 0 0.432703 
4.24416 0.365761 0.0913355 -0.926216 0.665185 -0.721701 0.191513 -0.650959 -0.686153 -0.324725 0.092834 0.0651503 -0.0247637 -0.136974 0 0 -0.0224101 0 0 0.165248 
4.24036 0.00653252 0.563664 0.825978 -0.249907 -0.798865 0.547139 0.968248 -0.209992 0.135645 -0.0198302 -0.0231562 0.0931674 0.0374898 0 0 0.118543 0 0 0.437101 
4.23225 0.466196 -0.107038 0.878182 0.377292 0.921911 -0.0879227 -0.800195 0.37232 0.470176 0.0175579 0.0535364 -0.0701379 0.0263894 0 0 0.117915 0 0 0.43375 
4.19745 0.820554 -0.440075 -0.364725 0.153684 0.784487 -0.6008 0.55052 0.436937 0.711347 0.128445 0.0333258 0.0280711 -0.134879 0 0 -0.312484 0 0 0.0108909 
4.19452 -0.936006 -0.283678 0.208376 -0.173907 0.887408 0.426923 -0.306023 0.363364 -0.879953 -0.0744368 -0.037357 0.00863948 -0.365892 0 0 -0.44862 0 0 -0.268921 
4.18873 -0.25057 -0.0839193 0.964454 0.158118 0.979311 0.126292 -0.955099 0.184142 -0.232117 -0.0388271 0.00607814 -0.0553258 0.118543 0 0 0.134251 0 0 0.443803 
4.17598 -0.365759 0.542209 0.756459 -0.66519 -0.720763 0.194994 0.650955 -0.431868 0.624298 -0.0265606 -0.0713833 0.0436121 -0.179909 0 0 -0.206089 0 0 -0.0850326 
4.17375 -0.909873 -0.384261 -0.156446 -0.375449 0.923061 -0.0836411 0.176549 -0.0173653 -0.984139 -0.0629931 -0.0368062 0.0756867 -0.361703 0 0 -0.353325 0 0 -0.223682 
4.16935 -0.57145 -0.122071 0.811507 0.331031 0.870562 0.36406 -0.750909 0.476676 -0.457073 -0.0438107 0.00437221 -0.0479056 -0.160431 0 0 -0.181584 0 0 -0.0812627 
4.16464 0.365761 0.0913355 -0.926216 0.665185 -0.721701 0.191513 -0.650959 -0.686153 -0.324725 0.100827 0.0751695 -0.0331609 -0.384532 0 0 -0.291331 0 0 -0.152472 
4.1572 0.571447 -0.511474 -0.64175 -0.331025 0.571902 -0.750567 0.750913 0.641345 0.157501 0.110248 -0.0074403 0.0546347 0.0483806 0 0 0.142 0 0 0.488833 
4.14576 -0.662692 0.493322 0.563448 -0.404212 -0.86899 0.285428 0.630438 -0.0386013 0.775279 -0.063047 -0.0237592 0.0354209 0.0410502 0 0 0.119171 0 0 0.43752 
4.13893 0.357272 0.543117 0.759856 -0.469086 -0.599163 0.648816 0.80766 -0.588242 0.0407048 0.0304467 -0.0753148 0.0809887 -0.136345 0 0 -0.143257 0 0 -0.0274366 
4.13781 0.671931 0.490927 0.554527 0.0507886 -0.77752 0.626803 0.738871 -0.393005 -0.547373 0.0409171 0.0173792 0.110989 0.118962 0 0 -0.0988557 0 0 0.431865 
4.13039 -0.909873 -0.384261 -0.156446 -0.375449 0.923061 -0.0836411 0.176549 -0.0173653 -0.984139 -0.0482795 -0.00901419 0.0784437 0.128596 0 0 0.11959 0 0 0.436473 
4.12022 0.250568 -0.554905 -0.793282 -0.158111 0.784964 -0.599027 0.9551 0.275524 0.10895 0.0879789 0.00396872 0.0845105 0.120009 0 0 -0.0936197 0 0 0.434797 
4.10961 -0.671928 0.147897 -0.725699 -0.0507951 -0.986754 -0.154068 -0.738872 -0.0666609 0.67054 -0.0181118 0.0459436 -0.0806818 -0.135298 0 0 -0.118752 0 0 0.0186402 
4.10893 -0.25057 -0.0839193 0.964454 0.158118 0.979311 0.126292 -0.955099 0.184142 -0.232117 -0.0281575 0.0250803 -0.0689413 -0.621408 0 0 -0.618057 0 0 -0.489252 
4.09872 0.365761 0.0913355 -0.926216 0.665185 -0.721701 0.191513 -0.650959 -0.686153 -0.324725 0.0952627 0.0631591 -0.0408795 -0.44862 0 0 -0.425582 0 0 -0.353535 
4.07438 -0.820556 -0.198748 0.535897 -0.153678 0.979787 0.128065 -0.550518 0.0227291 -0.834514 -0.079293 -0.0232789 0.00111361 -0.135927 0 0 -0.121894 0 0 0.0154986 
4.07407 0.820554 -0.440075 -0.364725 0.153684 0.784487 -0.6008 0.55052 0.436937 0.711347 0.116804 0.0389575 0.0347672 -0.136974 0 0 -0.255307 0 0 -0.0284838 
4.06872 0.75226 -0.168873 0.636856 0.576976 0.635554 -0.513001 -0.318124 0.753361 0.575538 0.0707739 0.0740855 -0.0528571 -0.131738 0 0 -0.134251 0 0 0.0129853 
4.06239 0.820554 -0.440075 -0.364725 0.153684 0.784487 -0.6008 0.55052 0.436937 0.711347 0.126499 0.0520729 0.0423911 -0.363797 0 0 -0.375316 0 0 -0.222844 
4.05844 -0.820556 -0.198748 0.535897 -0.153678 0.979787 0.128065 -0.550518 0.0227291 -0.834514 -0.0715682 -0.00495156 -0.0140045 -0.614497 0 0 -0.618686 0 0 -0.488624 
4.05101 -0.57145 -0.122071 0.811507 0.331031 0.870562 0.36406 -0.750909 0.476676 -0.457073 -0.0677409 0.0130355 -0.0525824 -0.309133 0 0 -0.383485 0 0 -0.167761 
4.04569 0.874535 0.224301 -0.429975 0.471631 -0.599826 0.646354 -0.112932 -0.768048 -0.630356 0.123076 0.0200011 0.0305633 -0.136555 0 0 -0.115401 0 0 -0.0159174 
4.04369 0.466196 -0.107038 0.878182 0.377292 0.921911 -0.0879227 -0.800195 0.37232 0.470176 0.0210585 0.0438688 -0.0726567 0.117496 0 0 0.117077 0 0 0.432284 
4.03972 0.90987 -0.254563 0.327618 0.375456 0.841213 -0.389094 -0.176547 0.477031 0.860972 0.112145 0.0468531 -0.046502 -0.362122 0 0 -0.449668 0 0 -0.225357 
4.03916 -0.943719 0.321106 -0.0792781 -0.321737 -0.946816 -0.00502105 -0.076674 0.0207683 0.99684 -0.0602583 -0.00823954 -0.0202705 -0.332172 0 0 -0.180537 0 0 -0.0829382 
4.03411 0.365761 0.0913355 -0.926216 0.665185 -0.721701 0.191513 -0.650959 -0.686153 -0.324725 0.106013 0.059823 -0.0304832 -0.135927 0 0 -0.117077 0 0 0.0224101 
4.02315 0.820554 -0.440075 -0.364725 0.153684 0.784487 -0.6008 0.55052 0.436937 0.711347 0.114858 0.0577047 0.0490871 -0.432284 0 0 -0.419718 0 0 -0.337408 
4.01476 -0.57145 -0.122071 0.811507 0.331031 0.870562 0.36406 -0.750909 0.476676 -0.457073 -0.0569901 0.00969947 -0.0421861 -0.0479618 0 0 -0.136974 0 0 0.122313 
3.99524 -0.662692 0.493322 0.563448 -0.404212 -0.86899 0.285428 0.630438 -0.0386013 0.775279 -0.0711978 -0.0393245 0.039346 -0.312903 0 0 -0.134879 0 0 0.0129853 
3.99487 -0.671928 0.147897 -0.725699 -0.0507951 -0.986754 -0.154068 -0.738872 -0.0666609 0.67054 -0.0290377 0.0271777 -0.0683291 -0.615963 0 0 -0.614078 0 0 -0.487157 
3.97645 -0.662692 0.493322 0.563448 -0.404212 -0.86899 0.285428 0.630438 -0.0386013 0.775279 -0.0599338 -0.0150674 0.0508768 -0.186192 0 0 -0.183051 0 0 -0.0839854 
3.97637 0.00653252 0.563664 0.825978 -0.249907 -0.798865 0.547139 0.968248 -0.209992 0.135645 -0.00663506 -0.0197085 0.0982725 -0.267874 0 0 -0.182632 0 0 -0.0839854 
3.96995 0.250568 -0.554905 -0.793282 -0.158111 0.784964 -0.599027 0.9551 0.275524 0.10895 0.0885733 0.00922367 0.109657 -0.361703 0 0 -0.445898 0 0 -0.222216 
3.95432 0.820554 -0.440075 -0.364725 0.153684 0.784487 -0.6008 0.55052 0.436937 0.711347 0.113304 0.0486252 0.037286 -0.139068 0 0 -0.14954 0 0 -0.0284838 
3.94805 0.874535 0.224301 -0.429975 0.471631 -0.599826 0.646354 -0.112932 -0.768048 -0.630356 0.137261 0.025762 0.0311692 -0.383694 0 0 -0.364635 0 0 -0.235829 
3.94294 -0.943719 0.321106 -0.0792781 -0.321737 -0.946816 -0.00502105 -0.076674 0.0207683 0.99684 -0.0723759 -0.0028442 -0.0133296 -0.621199 0 0 -0.616172 0 0 -0.486739 
3.9377 0.127853 -0.0745172 0.98899 0.642056 0.766241 -0.0252689 -0.755921 0.638218 0.14581 0.00677829 0.0617627 -0.0732224 -0.38893 0 0 -0.445898 0 0 -0.329659 
3.93573 -0.671928 0.147897 -0.725699 -0.0507951 -0.986754 -0.154068 -0.738872 -0.0666609 0.67054 -0.0301588 0.0400919 -0.0749644 -0.419299 0 0 -0.398774 0 0 -0.330077 
3.92736 0.00653252 0.563664 0.825978 -0.249907 -0.798865 0.547139 0.968248 -0.209992 0.135645 -0.0233307 -0.0134886 0.0956862 0.116449 0 0 0.116449 0 0 0.435426 
3.92452 0.250568 -0.554905 -0.793282 -0.158111 0.784964 -0.599027 0.9551 0.275524 0.10895 0.0759402 0.0164304 0.108929 -0.420765 0 0 -0.43396 0 0 -0.335942 
3.91982 0.871018 0.411435 0.268419 0.00180006 -0.549069 0.835775 0.491248 -0.727492 -0.47899 0.0870063 -0.0435483 0.0720541 0.141163 0 0 0.141163 0 0 0.490927 
3.90074 0.250568 -0.554905 -0.793282 -0.158111 0.784964 -0.599027 0.9551 0.275524 0.10895 0.078459 0.0198671 0.0992386 -0.136555 0 0 -0.153101 0 0 -0.0278555 
3.89664 -0.662692 0.493322 0.563448 -0.404212 -0.86899 0.285428 0.630438 -0.0386013 0.775279 -0.0665475 -0.0140916 0.0379397 0.117496 0 0 0.118543 0 0 0.436473 
3.89409 0.00653252 0.563664 0.825978 -0.249907 -0.798865 0.547139 0.968248 -0.209992 0.135645 -0.026416 -0.0181125 0.109146 -0.137393 0 0 -0.143676 0 0 0.0113098 
3.87309 0.936003 -0.349866 -0.0386181 0.173912 0.555056 -0.813429 0.306027 0.754656 0.58038 0.131053 0.0480373 0.0149084 -0.558995 0 0 -0.382647 0 0 -0.244626 
3.85606 0.466196 -0.107038 0.878182 0.377292 0.921911 -0.0879227 -0.800195 0.37232 0.470176 0.0344508 0.0475855 -0.06831 -0.190381 0 0 -0.182632 0 0 -0.0877554 
3.85071 0.820554 -0.440075 -0.364725 0.153684 0.784487 -0.6008 0.55052 0.436937 0.711347 0.111749 0.0395456 0.0254848 0.118543 0 0 0.0462862 0 0 0.434797 
3.84179 0.357272 0.543117 0.759856 -0.469086 -0.599163 0.648816 0.80766 -0.588242 0.0407048 0.0315007 -0.0599557 0.101892 -0.445479 0 0 -0.532815 0 0 -0.359818 
3.83794 0.671931 0.490927 0.554527 0.0507886 -0.77752 0.626803 0.738871 -0.393005 -0.547373 0.0517058 0.00707012 0.121061 -0.135927 0 0 -0.152053 0 0 0.0106814 
3.83595 0.90987 -0.254563 0.327618 0.375456 0.841213 -0.389094 -0.176547 0.477031 0.860972 0.106265 0.0532741 -0.034829 -0.421393 0 0 -0.502447 0 0 -0.336989 
3.82868 0.90987 -0.254563 0.327618 0.375456 0.841213 -0.389094 -0.176547 0.477031 0.860972 0.102764 0.0629417 -0.0323102 -0.425582 0 0 -0.426629 0 0 -0.336989 
3.82335 -0.466199 -0.531785 -0.70701 -0.377285 0.842363 -0.384812 0.800197 0.0873455 -0.593343 0.00897464 -0.00909138 0.11382 -0.135927 0 0 -0.14221 0 0 -0.0284838 
3.82211 0.00653252 0.563664 0.825978 -0.249907 -0.798865 0.547139 0.968248 -0.209992 0.135645 -0.00972027 -0.0243324 0.111732 -0.4748 0 0 -0.421393 0 0 -0.33678 
3.82013 -0.00653017 0.0751594 -0.99715 0.2499 -0.965409 -0.0744035 -0.96825 -0.249674 -0.0124781 0.0588708 0.0477552 -0.0696269 -0.129643 0 0 -0.136345 0 0 -0.0305782 
3.82005 0.250568 -0.554905 -0.793282 -0.158111 0.784964 -0.599027 0.9551 0.275524 0.10895 0.0809778 0.0233039 0.0895481 0.118124 0 0 0.104301 0 0 0.435426 
3.81894 -0.943719 0.321106 -0.0792781 -0.321737 -0.946816 -0.00502105 -0.076674 0.0207683 0.99684 -0.0637588 0.00142807 -0.0177517 -0.183679 0 0 -0.181375 0 0 -0.0835666 
3.81841 -0.365759 0.542209 0.756459 -0.66519 -0.720763 0.194994 0.650955 -0.431868 0.624298 -0.043926 -0.0847441 0.0510098 -0.383066 0 0 -0.396051 0 0 -0.240647 
3.81522 0.871018 0.411435 0.268419 0.00180006 -0.549069 0.835775 0.491248 -0.727492 -0.47899 0.104961 -0.0271204 0.081094 -0.446945 0 0 -0.432703 0 0 -0.353535 
3.80841 -0.936006 -0.283678 0.208376 -0.173907 0.887408 0.426923 -0.306023 0.363364 -0.879953 -0.0706293 -0.0460259 0.00192047 -0.436054 0 0 -0.448411 0 0 -0.359818 
3.80691 -0.466199 -0.531785 -0.70701 -0.377285 0.842363 -0.384812 0.800197 0.0873455 -0.593343 0.0073586 -0.0326989 0.113204 -0.419299 0 0 -0.475848 0 0 -0.337408 
3.80626 -0.25057 -0.0839193 0.964454 0.158118 0.979311 0.126292 -0.955099 0.184142 -0.232117 -0.0433094 0.0288502 -0.0599787 -0.173207 0 0 -0.137602 0 0 -0.0291122 
3.8022 -0.943719 0.321106 -0.0792781 -0.321737 -0.946816 -0.00502105 -0.076674 0.0207683 0.99684 -0.0599169 0.00625588 -0.0309423 0.11959 0 0 0.11959 0 0 0.435426 
3.80149 0.127853 -0.0745172 0.98899 0.642056 0.766241 -0.0252689 -0.755921 0.638218 0.14581 -0.00740747 0.0560018 -0.0738284 -0.0772834 0 0 -0.13446 0 0 0.080425 
3.78688 0.820554 -0.440075 -0.364725 0.153684 0.784487 -0.6008 0.55052 0.436937 0.711347 0.108249 0.0492132 0.0280036 0.115401 0 0 0.112679 0 0 0.43396 
3.78409 -0.466199 -0.531785 -0.70701 -0.377285 0.842363 -0.384812 0.800197 0.0873455 -0.593343 0.000357538 -0.0133636 0.118242 -0.419718 0 0 -0.42244 0 0 -0.33678 
3.77521 -0.943719 0.321106 -0.0792781 -0.321737 -0.946816 -0.00502105 -0.076674 0.0207683 0.99684 -0.0529159 -0.0130793 -0.0359799 0.0536166 0 0 0.120009 0 0 0.434797 
3.77285 -0.00653017 0.0751594 -0.99715 0.2499 -0.965409 -0.0744035 -0.96825 -0.249674 -0.0124781 0.061956 0.0523791 -0.0830865 -0.356886 0 0 -0.361703 0 0 -0.223682 
3.76794 -0.662692 0.493322 0.563448 -0.404212 -0.86899 0.285428 0.630438 -0.0386013 0.775279 -0.0680846 -0.0306328 0.0548018 -0.527579 0 0 -0.420765 0 0 -0.335732 
3.75693 0.357272 0.543117 0.759856 -0.469086 -0.599163 0.648816 0.80766 -0.588242 0.0407048 0.0333282 -0.0837232 0.0934701 -0.383694 0 0 -0.384741 0 0 -0.240437 
3.75628 0.820554 -0.440075 -0.364725 0.153684 0.784487 -0.6008 0.55052 0.436937 0.711347 0.109803 0.0582928 0.0398048 -0.174673 0 0 -0.135927 0 0 -0.0301594 
3.7555 0.00653252 0.563664 0.825978 -0.249907 -0.798865 0.547139 0.968248 -0.209992 0.135645 -0.0132208 -0.0146648 0.114251 -0.421393 0 0 -0.434379 0 0 -0.337408 
3.75214 0.936003 -0.349866 -0.0386181 0.173912 0.555056 -0.813429 0.306027 0.754656 0.58038 0.129999 0.0326782 -0.00599464 -0.136555 0 0 -0.135298 0 0 0.012357 
3.74551 0.936003 -0.349866 -0.0386181 0.173912 0.555056 -0.813429 0.306027 0.754656 0.58038 0.115543 0.0282268 -0.00844335 0.143048 0 0 0.141163 0 0 0.490299 
3.74313 0.250568 -0.554905 -0.793282 -0.158111 0.784964 -0.599027 0.9551 0.275524 0.10895 0.0819596 0.0101995 0.0967198 -0.135927 0 0 -0.256773 0 0 -0.0278555 
3.72855 -0.466199 -0.531785 -0.70701 -0.377285 0.842363 -0.384812 0.800197 0.0873455 -0.593343 0.0054741 0.000576233 0.116339 -0.127549 0 0 -0.135298 0 0 -0.0284838 
3.7251 0.671931 0.490927 0.554527 0.0507886 -0.77752 0.626803 0.738871 -0.393005 -0.547373 0.0444176 0.00771159 0.10847 0.118962 0 0 0.107024 0 0 0.43375 
3.71753 0.671931 0.490927 0.554527 0.0507886 -0.77752 0.626803 0.738871 -0.393005 -0.547373 0.0479181 -0.00195602 0.105951 0.087127 0 0 0.118124 0 0 0.435007 
3.71146 -0.671928 0.147897 -0.725699 -0.0507951 -0.986754 -0.154068 -0.738872 -0.0666609 0.67054 -0.0111108 0.0266084 -0.0857194 -0.13446 0 0 -0.134879 0 0 0.0117286 
3.70363 -0.662692 0.493322 0.563448 -0.404212 -0.86899 0.285428 0.630438 -0.0386013 0.775279 -0.0595465 -0.0334268 0.0329021 -0.0636698 0 0 0.120009 0 0 0.43752 
3.69528 0.571447 -0.511474 -0.64175 -0.331025 0.571902 -0.750567 0.750913 0.641345 0.157501 0.114056 -0.0161091 0.0479156 0.138859 0 0 0.142 0 0 0.488833 
3.69214 -0.466199 -0.531785 -0.70701 -0.377285 0.842363 -0.384812 0.800197 0.0873455 -0.593343 0.0159757 -0.0284266 0.108782 -0.135298 0 0 -0.24316 0 0 -0.029531 
3.68762 0.357272 0.543117 0.759856 -0.469086 -0.599163 0.648816 0.80766 -0.588242 0.0407048 0.0228318 -0.0579771 0.0944267 -0.134879 0 0 -0.28044 0 0 -0.0320443 
3.68247 -0.671928 0.147897 -0.725699 -0.0507951 -0.986754 -0.154068 -0.738872 -0.0666609 0.67054 -0.00382256 0.0259669 -0.0731284 0.123779 0 0 0.11959 0 0 0.433331 
3.68203 -0.943719 0.321106 -0.0792781 -0.321737 -0.946816 -0.00502105 -0.076674 0.0207683 0.99684 -0.0663082 -0.0167961 -0.0403265 -0.236039 0 0 -0.134879 0 0 0.0127758 
3.67743 0.00653252 0.563664 0.825978 -0.249907 -0.798865 0.547139 0.968248 -0.209992 0.135645 -0.0299165 -0.00844489 0.111665 -0.135927 0 0 -0.191428 0 0 0.0102626 
3.67 -0.874532 0.409243 0.260217 -0.471636 -0.842638 -0.259847 0.112928 -0.349973 0.929928 -0.073641 -0.0278715 -0.0191443 -0.135927 0 0 -0.225357 0 0 0.0102626 
3.66663 0.90987 -0.254563 0.327618 0.375456 0.841213 -0.389094 -0.176547 0.477031 0.860972 0.0954762 0.0635832 -0.0449012 -0.140115 0 0 -0.139068 0 0 0.0108909 
3.66451 0.90987 -0.254563 0.327618 0.375456 0.841213 -0.389094 -0.176547 0.477031 0.860972 0.0989767 0.0539156 -0.04742 -0.135927 0 0 -0.157918 0 0 0.0108909 
3.66053 0.75226 -0.168873 0.636856 0.576976 0.635554 -0.513001 -0.318124 0.753361 0.575538 0.0745814 0.0654167 -0.0595761 -0.135508 0 0 -0.134879 0 0 0.0134042 
3.65305 -0.943719 0.321106 -0.0792781 -0.321737 -0.946816 -0.00502105 -0.076674 0.0207683 0.99684 -0.0564164 -0.00341173 -0.0334611 0.0996934 0 0 0.11959 0 0 0.435007 
3.65191 0.127853 -0.0745172 0.98899 0.642056 0.766241 -0.0252689 -0.755921 0.638218 0.14581 -0.0028523 0.0381637 -0.0682935 0.153101 0 0 0.141163 0 0 0.492603 
3.65025 0.0825172 0.956984 -0.278158 0.258771 0.248962 0.933304 0.962408 -0.148993 -0.227096 -0.0107691 0.0424199 0.144097 -0.595647 0 0 -0.384113 0 0 -0.241694 
3.65007 0.466196 -0.107038 0.878182 0.377292 0.921911 -0.0879227 -0.800195 0.37232 0.470176 0.0452937 0.0330781 -0.0865383 -0.421184 0 0 -0.390396 0 0 -0.329659 
3.64709 0.90987 -0.254563 0.327618 0.375456 0.841213 -0.389094 -0.176547 0.477031 0.860972 0.0834292 0.0577315 -0.0391838 0.114354 0 0 0.118543 0 0 0.431656 
3.63962 -0.466199 -0.531785 -0.70701 -0.377285 0.842363 -0.384812 0.800197 0.0873455 -0.593343 0.0124752 -0.018759 0.111301 -0.135927 0 0 -0.192475 0 0 -0.0284838 
3.63755 -0.0416392 -0.943196 0.329616 0.866046 0.130437 0.48265 -0.498228 0.30556 0.81142 -0.0257846 0.115556 -0.0601879 -0.133832 0 0 -0.493022 0 0 0.0134042 
3.63333 -0.671928 0.147897 -0.725699 -0.0507951 -0.986754 -0.154068 -0.738872 -0.0666609 0.67054 -0.00732309 0.0356345 -0.0706096 0.118543 0 0 0.120009 0 0 0.435426 
3.62393 -0.00653017 0.0751594 -0.99715 0.2499 -0.965409 -0.0744035 -0.96825 -0.249674 -0.0124781 0.0604253 0.0568347 -0.0578257 0.117496 0 0 0.120009 0 0 0.43396 
3.61274 0.466196 -0.107038 0.878182 0.377292 0.921911 -0.0879227 -0.800195 0.37232 0.470176 0.0417932 0.0427457 -0.0840195 -0.421184 0 0 -0.414482 0 0 -0.337408 
3.60544 0.671931 0.490927 0.554527 0.0507886 -0.77752 0.626803 0.738871 -0.393005 -0.547373 0.0575858 0.000649091 0.109388 -0.151216 0 0 -0.137602 0 0 -0.0305782 
3.60035 0.466196 -0.107038 0.878182 0.377292 0.921911 -0.0879227 -0.800195 0.37232 0.470176 0.0331761 0.0384735 -0.0795975 -0.136974 0 0 -0.126083 0 0 -0.0289027 
3.60021 0.936003 -0.349866 -0.0386181 0.173912 0.555056 -0.813429 0.306027 0.754656 0.58038 0.132881 0.0242697 0.00648676 -0.450087 0 0 -0.446945 0 0 -0.359818 
3.59807 0.571447 -0.511474 -0.64175 -0.331025 0.571902 -0.750567 0.750913 0.641345 0.157501 0.111627 -0.0141179 0.0640314 -0.252585 0 0 -0.135927 0 0 -0.0299499 
3.59136 -0.127855 -0.559027 -0.819232 -0.642051 0.676223 -0.361238 0.755926 0.479803 -0.445383 0.05077 -0.0500473 0.0959627 -0.287352 0 0 -0.138021 0 0 -0.0341387 
3.58217 0.250568 -0.554905 -0.793282 -0.158111 0.784964 -0.599027 0.9551 0.275524 0.10895 0.0844784 0.0136363 0.0870293 0.118962 0 0 0.00753984 0 0 0.437101 
3.56482 0.75226 -0.168873 0.636856 0.576976 0.635554 -0.513001 -0.318124 0.753361 0.575538 0.0648881 0.0557855 -0.0526429 0.149331 0 0 0.142 0 0 0.493022 
3.55779 -0.127855 -0.559027 -0.819232 -0.642051 0.676223 -0.361238 0.755926 0.479803 -0.445383 0.044051 -0.0575123 0.101787 -0.547476 0 0 -0.449668 0 0 -0.364007 
3.54509 0.75226 -0.168873 0.636856 0.576976 0.635554 -0.513001 -0.318124 0.753361 0.575538 0.0807639 0.0452445 -0.0501077 -0.177815 0 0 -0.181584 0 0 -0.0825194 
3.54172 -0.909873 -0.384261 -0.156446 -0.375449 0.923061 -0.0836411 0.176549 -0.0173653 -0.984139 -0.0412785 -0.0283494 0.0734061 0.11959 0 0 0.114354 0 0 0.435007 
3.53684 0.936003 -0.349866 -0.0386181 0.173912 0.555056 -0.813429 0.306027 0.754656 0.58038 0.122384 0.0500158 0.00744339 -0.275832 0 0 -0.13446 0 0 0.0119381 
3.53021 0.820554 -0.440075 -0.364725 0.153684 0.784487 -0.6008 0.55052 0.436937 0.711347 0.104748 0.0588809 0.0305224 0.060947 0 0 0.119171 0 0 0.431656 
3.52652 0.023071 -0.941207 0.337043 0.965914 -0.0659609 -0.250317 0.257832 0.331329 0.907603 -0.0199988 0.146554 0.00713329 0.145142 0 0 -0.11959 0 0 0.496163 
3.52014 0.466196 -0.107038 0.878182 0.377292 0.921911 -0.0879227 -0.800195 0.37232 0.470176 0.0430679 0.0518578 -0.0727321 -0.627063 0 0 -0.620361 0 0 -0.489252 
3.51108 0.571447 -0.511474 -0.64175 -0.331025 0.571902 -0.750567 0.750913 0.641345 0.157501 0.122378 -0.017454 0.0744277 -0.473125 0 0 -0.383485 0 0 -0.242532 
3.50703 0.943722 0.317718 -0.0918939 0.321731 -0.817458 0.477756 0.0766723 -0.480434 -0.873673 0.109129 0.0316949 0.061862 -0.131738 0 0 -0.136974 0 0 -0.0316254 
3.49846 0.75226 -0.168873 0.636856 0.576976 0.635554 -0.513001 -0.318124 0.753361 0.575538 0.0904572 0.0548757 -0.057041 -0.445479 0 0 -0.447573 0 0 -0.358771 
3.48497 -0.820556 -0.198748 0.535897 -0.153678 0.979787 0.128065 -0.550518 0.0227291 -0.834514 -0.0695984 -0.0101636 0.00873751 0.120009 0 0 0.117915 0 0 0.434797 
3.48283 -0.671928 0.147897 -0.725699 -0.0507951 -0.986754 -0.154068 -0.738872 -0.0666609 0.67054 -0.00998964 0.0136942 -0.079084 -0.119171 0 0 -0.135927 0 0 -0.0232478 
3.48038 -0.909873 -0.384261 -0.156446 -0.375449 0.923061 -0.0836411 0.176549 -0.0173653 -0.984139 -0.0544466 -0.0212869 0.0724881 -0.135508 0 0 -0.136555 0 0 -0.0289027 
3.45639 -0.365759 0.542209 0.756459 -0.66519 -0.720763 0.194994 0.650955 -0.431868 0.624298 -0.0529196 -0.0607288 0.0550511 -0.134879 0 0 -0.344319 0 0 0.00670208 
3.45351 -0.25057 -0.0839193 0.964454 0.158118 0.979311 0.126292 -0.955099 0.184142 -0.232117 -0.024657 0.0154127 -0.0714601 -0.616591 0 0 -0.592087 0 0 -0.485482 
3.4517 0.75226 -0.168873 0.636856 0.576976 0.635554 -0.513001 -0.318124 0.753361 0.575538 0.0816548 0.0779651 -0.0516967 -0.416576 0 0 -0.382019 0 0 -0.241694 
3.44571 -0.127855 -0.559027 -0.819232 -0.642051 0.676223 -0.361238 0.755926 0.479803 -0.445383 0.0612964 -0.051251 0.0834198 0.0561299 0 0 0.141163 0 0 0.485691 
3.42787 -0.662692 0.493322 0.563448 -0.404212 -0.86899 0.285428 0.630438 -0.0386013 0.775279 -0.0816994 -0.0103217 0.0469024 -0.135298 0 0 -0.132785 0 0 0.0108909 
3.40545 -0.365759 0.542209 0.756459 -0.66519 -0.720763 0.194994 0.650955 -0.431868 0.624298 -0.0491121 -0.0693976 0.0483321 -0.134879 0 0 -0.24693 0 0 0.0117286 
3.40208 -0.466199 -0.531785 -0.70701 -0.377285 0.842363 -0.384812 0.800197 0.0873455 -0.593343 0.0175917 -0.00481911 0.109398 0.118962 0 0 0.110165 0 0 0.436473 
3.40126 -0.57145 -0.122071 0.811507 0.331031 0.870562 0.36406 -0.750909 0.476676 -0.457073 -0.0479965 -0.0143158 -0.0462274 0.140115 0 0 0.140953 0 0 0.484225 
3.38309 -0.752263 -0.464671 -0.467099 -0.576971 0.80691 0.126495 0.318128 0.36466 -0.87511 -0.0173248 -0.0727523 0.0666087 -0.143885 0 0 -0.137602 0 0 -0.0320443 
3.38205 0.357272 0.543117 0.759856 -0.469086 -0.599163 0.648816 0.80766 -0.588242 0.0407048 0.0217779 -0.0733362 0.0735236 0.142 0 0 0.130481 0 0 0.488414 
3.37046 -0.820556 -0.198748 0.535897 -0.153678 0.979787 0.128065 -0.550518 0.0227291 -0.834514 -0.084348 -0.0226908 -0.00816875 -0.362541 0 0 -0.348508 0 0 -0.222635 
3.36597 -0.00653017 0.0751594 -0.99715 0.2499 -0.965409 -0.0744035 -0.96825 -0.249674 -0.0124781 0.0573164 0.0386756 -0.0814281 -0.365682 0 0 -0.420765 0 0 -0.303479 
3.35604 -0.943719 0.321106 -0.0792781 -0.321737 -0.946816 -0.00502105 -0.076674 0.0207683 0.99684 -0.0736506 -0.0119563 -0.0246171 -0.513966 0 0 -0.419718 0 0 -0.335732 
3.35511 0.671931 0.490927 0.554527 0.0507886 -0.77752 0.626803 0.738871 -0.393005 -0.547373 0.0731333 -0.00316683 0.101152 -0.542868 0 0 -0.61722 0 0 -0.460559 
3.31719 0.943722 0.317718 -0.0918939 0.321731 -0.817458 0.477756 0.0766723 -0.480434 -0.873673 0.11263 0.0220273 0.0593432 -0.0940386 0 0 -0.137602 0 0 0.0274366 
3.31392 0.250568 -0.554905 -0.793282 -0.158111 0.784964 -0.599027 0.9551 0.275524 0.10895 0.0774773 0.0329715 0.0920669 0.118543 0 0 0.120009 0 0 0.433331 
3.31026 -0.25057 -0.0839193 0.964454 0.158118 0.979311 0.126292 -0.955099 0.184142 -0.232117 -0.0499231 0.029826 -0.0729157 -0.405476 0 0 -0.363588 0 0 -0.223682 
3.30854 -0.662692 0.493322 0.563448 -0.404212 -0.86899 0.285428 0.630438 -0.0386013 0.775279 -0.0715851 -0.0209652 0.0573206 -0.423488 0 0 -0.42244 0 0 -0.336361 
3.30591 -0.365759 0.542209 0.756459 -0.66519 -0.720763 0.194994 0.650955 -0.431868 0.624298 -0.0515408 -0.0674064 0.0644478 -0.383066 0 0 -0.570933 0 0 -0.247768 
3.28016 0.127853 -0.0745172 0.98899 0.642056 0.766241 -0.0252689 -0.755921 0.638218 0.14581 0.0105857 0.0530938 -0.0799414 -0.436473 0 0 -0.446945 0 0 -0.357724 
3.27827 0.365761 0.0913355 -0.926216 0.665185 -0.721701 0.191513 -0.650959 -0.686153 -0.324725 0.0980201 0.0498038 -0.022086 0.141163 0 0 0.161478 0 0 0.51229 
3.27279 0.90987 -0.254563 0.327618 0.375456 0.841213 -0.389094 -0.176547 0.477031 0.860972 0.0869297 0.0480639 -0.0417026 0.118543 0 0 0.121685 0 0 0.432912 
3.26975 0.936003 -0.349866 -0.0386181 0.173912 0.555056 -0.813429 0.306027 0.754656 0.58038 0.107928 0.0455645 0.00499468 0.0368614 0 0 0.142629 0 0 0.490508 
3.26948 0.871018 0.411435 0.268419 0.00180006 -0.549069 0.835775 0.491248 -0.727492 -0.47899 0.0831989 -0.0348795 0.0787731 0.142 0 0 0.125873 0 0 0.491556 
3.25973 -0.466199 -0.531785 -0.70701 -0.377285 0.842363 -0.384812 0.800197 0.0873455 -0.593343 0.0210923 -0.0144867 0.106879 0.11959 0 0 0.0456579 0 0 0.437101 
3.25957 -0.752263 -0.464671 -0.467099 -0.576971 0.80691 0.126495 0.318128 0.36466 -0.87511 -0.00644396 -0.0688728 0.0677691 0.115401 0 0 0.140953 0 0 0.482969 
3.25136 -0.820556 -0.198748 0.535897 -0.153678 0.979787 0.128065 -0.550518 0.0227291 -0.834514 -0.0862941 -0.00394367 0.00615122 -0.130691 0 0 -0.136555 0 0 0.0129853 
3.23856 -0.909873 -0.384261 -0.156446 -0.375449 0.923061 -0.0836411 0.176549 -0.0173653 -0.984139 -0.044779 -0.0186818 0.0759249 0.11959 0 0 0.118962 0 0 0.435426 
3.22929 -0.671928 0.147897 -0.725699 -0.0507951 -0.986754 -0.154068 -0.738872 -0.0666609 0.67054 -0.0108236 0.0453021 -0.0680908 0.119171 0 0 0.13467 0 0 0.446526 
3.2286 -0.25057 -0.0839193 0.964454 0.158118 0.979311 0.126292 -0.955099 0.184142 -0.232117 -0.0454409 0.00705401 -0.0682628 -0.136345 0 0 -0.122313 0 0 0.0154986 
3.2169 0.127853 -0.0745172 0.98899 0.642056 0.766241 -0.0252689 -0.755921 0.638218 0.14581 -0.00360003 0.047333 -0.0805474 -0.126083 0 0 -0.135508 0 0 0.0144514 
3.21062 -0.671928 0.147897 -0.725699 -0.0507951 -0.986754 -0.154068 -0.738872 -0.0666609 0.67054 -0.0231578 0.0207567 -0.080002 -0.434379 0 0 -0.419299 0 0 -0.33678 
3.17438 -0.871016 0.22211 -0.438177 -0.00180536 -0.893395 -0.449269 -0.491252 -0.390529 0.778562 -0.038366 0.027177 -0.0701784 -0.136555 0 0 -0.147865 0 0 0.00963424 
3.1254 -0.57145 -0.122071 0.811507 0.331031 0.870562 0.36406 -0.750909 0.476676 -0.457073 -0.0545614 0.00770828 -0.0583019 -0.433331 0 0 -0.447573 0 0 -0.357724 
3.11166 0.943722 0.317718 -0.0918939 0.321731 -0.817458 0.477756 0.0766723 -0.480434 -0.873673 0.0970115 0.0370902 0.0688028 0.118124 0 0 0.102207 0 0 0.431865 
3.09855 -0.00653017 0.0751594 -0.99715 0.2499 -0.965409 -0.0744035 -0.96825 -0.249674 -0.0124781 0.0623714 0.0380875 -0.0721457 -0.0737229 0 0 -0.137602 0 0 0.0590621 
3.09652 -0.662692 0.493322 0.563448 -0.404212 -0.86899 0.285428 0.630438 -0.0386013 0.775279 -0.0737166 -0.0427613 0.0490364 -0.537632 0 0 -0.361493 0 0 -0.222635 
3.09022 0.00653252 0.563664 0.825978 -0.249907 -0.798865 0.547139 0.968248 -0.209992 0.135645 -0.0268313 -0.00382098 0.0982051 0.11959 0 0 0.0990651 0 0 0.432912 
3.07588 0.662694 0.145502 -0.73462 0.404206 -0.895284 0.187307 -0.63044 -0.421064 -0.652112 0.107143 0.04777 -0.00259803 0.125455 0 0 0.118543 0 0 0.430818 
3.06856 0.571447 -0.511474 -0.64175 -0.331025 0.571902 -0.750567 0.750913 0.641345 0.157501 0.124806 -0.0194452 0.0583119 -0.139696 0 0 -0.134879 0 0 0.0113098 
