9.59036 0.0114715 -0.966682 0.255723 0.999857 0.0142624 0.00906203 -0.0124073 0.255583 0.966707 6.73226e-05 0.0799604 -0.033571 0.6342 -0.6342 -0.253 0.253 
9.56914 0.0114715 -0.966682 0.255723 0.999857 0.0142624 0.00906203 -0.0124073 0.255583 0.966707 -7.60329e-05 0.0801056 -0.0218071 0.6372 -0.6372 -0.253 0.253 
9.44464 -0.715457 -0.174443 -0.676528 0.0181337 0.963365 -0.267581 0.698421 -0.20371 -0.686083 -0.0638029 -0.0247011 0.0290414 -0.3503 0.3503 -0.6086 0.6086 
9.43559 -0.0114663 0.960163 -0.279204 -0.999862 -0.00766379 0.014707 0.0119814 0.279334 0.960119 0.000630279 -0.0999136 -0.0195778 0.314 -0.314 -0.5902 0.5902 
9.42437 -0.715457 -0.174443 -0.676528 0.0181337 0.963365 -0.267581 0.698421 -0.20371 -0.686083 -0.0636583 -0.0129372 0.0288981 -0.0621 0.0621 -0.2952 0.2952 
9.40592 -0.715457 -0.174443 -0.676528 0.0181337 0.963365 -0.267581 0.698421 -0.20371 -0.686083 -0.0635136 -0.00117323 0.0287547 0.2204 -0.2204 -0.0102 0.0102 
9.31119 -0.0124971 0.279208 0.960149 -0.999857 -0.0143948 -0.00882794 0.0113563 -0.960123 0.279348 -0.01049 -0.0999631 -0.0348597 0.7434 -0.7434 -0.3436 0.3436 
9.30654 -0.999863 -0.00771332 0.0146794 0.011941 0.279334 0.96012 -0.0115062 0.960163 -0.279204 -0.0834445 -0.00137759 -0.0458121 0.1307 -0.1307 -1.1016 1.1016 
9.3013 0.0114715 -0.966682 0.255723 0.999857 0.0142624 0.00906203 -0.0124073 0.255583 0.966707 0.000210678 0.0798153 -0.045335 0.6294 -0.6294 -0.187 0.187 
9.29912 -0.715775 0.175499 0.675919 0.0164832 -0.96339 0.267595 0.698136 0.202679 0.686678 -0.0692306 -0.0158576 0.0232597 0.3614 -0.3614 0.1298 -0.1298 
9.29654 0.999842 -0.015767 -0.0081609 -0.0119207 -0.255565 -0.966718 0.0131566 0.966663 -0.255713 0.096204 -0.01902 -0.0316377 0.419 -0.419 -0.6478 0.6478 
9.26685 -0.013122 -0.960145 0.279193 -0.999837 0.00914014 -0.0155589 0.012387 -0.279352 -0.960109 0.00937825 -0.0999233 -0.0115424 0.3448 -0.3448 -0.516 0.516 
9.24725 0.0127181 0.864352 0.502726 0.999854 -0.00523861 -0.0162877 -0.0114447 0.50286 -0.864292 0.00143524 0.0799882 -0.0299151 0.3436 -0.3436 -0.6156 0.6156 
9.24589 -0.0115653 0.481517 -0.87636 -0.999853 0.00549772 0.0162158 0.0126261 0.876419 0.481383 -0.0035245 -0.0999291 -0.0250417 0.3876 -0.3876 -0.62 0.62 
9.17524 -0.013023 -0.481499 0.87635 -0.999846 -0.00402136 -0.0170677 0.0117422 -0.876437 -0.481373 0.0054 -0.0999944 -0.0213906 0.376 -0.376 -0.5862 0.5862 
9.15735 -0.0124971 0.279208 0.960149 -0.999857 -0.0143948 -0.00882794 0.0113563 -0.960123 0.279348 0.00127391 -0.100106 -0.0347146 0.7468 -0.7468 -0.3484 0.3484 
9.14984 -0.013122 -0.960145 0.279193 -0.999837 0.00914014 -0.0155589 0.012387 -0.279352 -0.960109 -0.0023857 -0.0997804 -0.0116875 0.6692 -0.6692 -0.222 0.222 
9.12857 -0.0115653 0.481517 -0.87636 -0.999853 0.00549772 0.0162158 0.0126261 0.876419 0.481383 0.0046925 -0.0999275 -0.0166207 0.7158 -0.7158 -0.3052 0.3052 
8.9349 0.0127181 0.864352 0.502726 0.999854 -0.00523861 -0.0162877 -0.0114447 0.50286 -0.864292 0.00965224 0.0799898 -0.0214941 0.6658 -0.6658 -0.3014 0.3014 
8.92296 -0.012736 -0.876346 -0.481514 -0.999836 0.0173799 -0.00518551 0.012913 0.481369 -0.876423 0.0108782 -0.0999344 -0.0109388 0.666 -0.666 -0.2924 0.2924 
8.90471 -0.999837 0.00918967 -0.0155313 0.0123466 -0.279352 -0.960109 -0.0131618 -0.960145 0.279193 -0.0837442 -0.01687 -0.0367774 0.7514 -0.7514 -0.3476 0.3476 
8.86907 0.715477 0.198135 0.669951 -0.0164832 0.963462 -0.267336 -0.698441 0.18023 0.692602 0.0763471 0.00747711 -0.0859183 0.5227 -0.5227 0.2694 -0.2694 
8.84811 0.715477 0.198135 0.669951 -0.0164832 0.963462 -0.267336 -0.698441 0.18023 0.692602 0.0760578 -0.0160508 -0.0856316 -0.0616 0.0616 -0.3001 0.3001 
8.8009 0.698222 0.179065 0.693124 -0.000687081 -0.968044 0.250781 0.71588 -0.175577 -0.675787 0.0748948 0.00599159 0.030353 -0.2013 0.2013 -0.4414 0.4414 
8.80071 -0.715457 -0.174443 -0.676528 0.0181337 0.963365 -0.267581 0.698421 -0.20371 -0.686083 -0.063369 0.0105907 0.0286113 0.5242 -0.5242 0.2741 -0.2741 
8.70746 -0.0124971 0.279208 0.960149 -0.999857 -0.0143948 -0.00882794 0.0113563 -0.960123 0.279348 0.0248018 -0.100392 -0.0344243 0.738 -0.738 -0.348 0.348 
8.68706 0.698548 -0.180096 -0.692529 0.00095599 0.968043 -0.250781 0.715563 0.17452 0.676397 0.0718947 -0.0145505 0.0332842 -0.0668 0.0668 -0.2989 0.2989 
8.62089 -0.0124971 0.279208 0.960149 -0.999857 -0.0143948 -0.00882794 0.0113563 -0.960123 0.279348 0.0130379 -0.100249 -0.0345695 0.74 -0.74 -0.3506 0.3506 
8.57837 -0.715457 -0.174443 -0.676528 0.0181337 0.963365 -0.267581 0.698421 -0.20371 -0.686083 -0.0639476 -0.0364651 0.0291848 -0.6694 0.6694 -1.0166 1.0166 
8.53805 0.0115547 -0.50273 0.864366 0.999864 0.0159755 -0.00407446 -0.0117603 0.864296 0.502846 -0.000662146 0.0800467 -0.027227 0.7028 -0.7028 -0.2694 0.2694 
8.5237 -0.013122 -0.960145 0.279193 -0.999837 0.00914014 -0.0155589 0.012387 -0.279352 -0.960109 -0.00195563 -0.100216 -0.0469793 0.6322 -0.6322 -0.224 0.224 
8.44031 -0.715457 -0.174443 -0.676528 0.0181337 0.963365 -0.267581 0.698421 -0.20371 -0.686083 -0.0555859 -0.0246995 0.0374624 -0.3501 0.3501 -0.6122 0.6122 
8.43924 0.0115547 -0.50273 0.864366 0.999864 0.0159755 -0.00407446 -0.0117603 0.864296 0.502846 0.00775759 0.0798431 -0.0354427 0.378 -0.378 -0.5788 0.5788 
8.4284 -0.0118523 0.876364 0.481503 -0.999864 -0.0159035 0.00433357 0.0114554 -0.481387 0.876434 0.00763399 -0.100191 -0.0352883 0.6578 -0.6578 -0.302 0.302 
8.42558 -0.999857 -0.0143672 -0.00887747 0.011316 -0.960123 0.279348 -0.0125369 0.279208 0.960149 -0.0839243 -0.0281332 -0.0332611 0.6926 -0.6926 0.4183 -0.4183 
8.34859 0.999863 0.00784869 -0.0146029 -0.0113212 0.966722 -0.255579 0.0121109 0.255709 0.966678 0.0959519 -0.0272547 -0.0193125 -0.3508 0.3508 -0.6134 0.6134 
8.34645 -0.0114663 0.960163 -0.279204 -0.999862 -0.00766379 0.014707 0.0119814 0.279334 0.960119 0.000773635 -0.100059 -0.0313417 0.32 -0.32 -0.5932 0.5932 
8.29667 0.999837 -0.00932504 0.0154548 -0.0129664 -0.966704 0.255569 0.012557 -0.255727 -0.966667 0.0959628 -0.0302214 -0.0231145 0.6994 -0.6994 0.4231 -0.4231 
7.9515 0.999863 0.00784869 -0.0146029 -0.0113212 0.966722 -0.255579 0.0121109 0.255709 0.966678 0.0962399 -0.0156359 -0.0312198 -0.0648 0.0648 -0.3006 0.3006 
7.86493 0.999837 -0.00932504 0.0154548 -0.0129664 -0.966704 0.255569 0.012557 -0.255727 -0.966667 0.0965414 0.0168344 -0.023688 -0.5016 0.5016 -0.7901 0.7901 
7.83304 -0.999842 0.0158435 0.00802553 0.0129717 0.960105 -0.279338 -0.0121311 -0.27919 -0.960159 -0.0835511 0.0101758 -0.0258004 0.5267 -0.5267 0.2696 -0.2696 
7.80676 -0.0115653 0.481517 -0.87636 -0.999853 0.00549772 0.0162158 0.0126261 0.876419 0.481383 -0.00332176 -0.100134 -0.0416784 0.0884 -0.0884 -0.9516 0.9516 
7.74698 0.698222 0.179065 0.693124 -0.000687081 -0.968044 0.250781 0.71588 -0.175577 -0.675787 0.0743162 -0.0410642 0.0309264 1.1746 -1.1746 0.7698 -0.7698 
7.73276 -0.999842 0.0158435 0.00802553 0.0129717 0.960105 -0.279338 -0.0121311 -0.27919 -0.960159 -0.0838404 -0.0133521 -0.0255137 -0.0596 0.0596 -0.2997 0.2997 
7.71446 -0.999842 0.0158435 0.00802553 0.0129717 0.960105 -0.279338 -0.0121311 -0.27919 -0.960159 -0.0836957 -0.00158813 -0.0256571 0.2232 -0.2232 -0.0149 0.0149 
7.59791 0.698222 0.179065 0.693124 -0.000687081 -0.968044 0.250781 0.71588 -0.175577 -0.675787 0.0658965 -0.0408605 0.0391421 1.1672 -1.1672 0.7631 -0.7631 
7.46589 -0.698527 0.203788 0.685952 0.000694455 0.958784 -0.284136 -0.715583 -0.198001 -0.669878 -0.0596398 -0.0262014 -0.0898744 -0.3451 0.3451 -0.6128 0.6128 
7.26425 -0.999842 0.0158435 0.00802553 0.0129717 0.960105 -0.279338 -0.0121311 -0.27919 -0.960159 -0.0841297 -0.03688 -0.025227 -0.6661 0.6661 -1.0178 1.0178 
7.16023 -0.0114663 0.960163 -0.279204 -0.999862 -0.00766379 0.014707 0.0119814 0.279334 0.960119 0.00091699 -0.100204 -0.0431057 0.339 -0.339 -0.5956 0.5956 
7.15358 0.698548 -0.180096 -0.692529 0.00095599 0.968043 -0.250781 0.715563 0.17452 0.676397 0.0637643 0.00918106 0.0412133 0.5232 -0.5232 0.2723 -0.2723 
7.11833 0.698548 -0.180096 -0.692529 0.00095599 0.968043 -0.250781 0.715563 0.17452 0.676397 0.063475 -0.0143468 0.0415 -0.0619 0.0619 -0.2969 0.2969 
6.99754 -0.0118523 0.876364 0.481503 -0.999864 -0.0159035 0.00433357 0.0114554 -0.481387 0.876434 0.00783672 -0.100396 -0.051925 1.0394 -1.0394 -0.0182 0.0182 
6.88898 0.0118702 -0.86437 -0.502716 0.999846 0.00376225 0.0171396 -0.0129236 -0.502842 0.864282 0.0132861 0.0798522 -0.0291195 0.3416 -0.3416 -0.6178 0.6178 
6.88706 0.0118702 -0.86437 -0.502716 0.999846 0.00376225 0.0171396 -0.0129236 -0.502842 0.864282 0.0217059 0.0796485 -0.0373353 0.338 -0.338 -0.6232 0.6232 
6.80821 0.698222 0.179065 0.693124 -0.000687081 -0.968044 0.250781 0.71588 -0.175577 -0.675787 0.0918789 0.0173482 0.0137781 -0.5304 0.5304 -0.7728 0.7728 
6.66073 -0.698243 -0.202757 -0.686547 -0.000963364 -0.958783 0.284136 -0.71586 0.199057 0.669268 -0.0624224 -0.0290544 -0.0871587 0.6956 -0.6956 0.4146 -0.4146 
6.59619 0.999863 0.00784869 -0.0146029 -0.0113212 0.966722 -0.255579 0.0121109 0.255709 0.966678 0.0968172 0.0195108 -0.0434138 0.8787 -0.8787 0.6113 -0.6113 
6.50114 -0.698527 0.203788 0.685952 0.000694455 0.958784 -0.284136 -0.715583 -0.198001 -0.669878 -0.0425111 -0.00308082 -0.106593 0.2154 -0.2154 0.0144 -0.0144 
6.4791 0.698222 0.179065 0.693124 -0.000687081 -0.968044 0.250781 0.71588 -0.175577 -0.675787 0.0834592 0.0175519 0.0219939 -0.5338 0.5338 -0.7796 0.7796 
6.42358 0.0119813 0.279296 0.96013 -0.0115062 0.960174 -0.279165 -0.999862 -0.00770266 0.0147178 0.0386251 -0.0159846 -0.117972 -0.0701 0.0701 -0.1542 0.1542 
6.40677 -0.715457 -0.174443 -0.676528 0.0181337 0.963365 -0.267581 0.698421 -0.20371 -0.686083 -0.0557306 -0.0364635 0.0376057 -0.6686 0.6686 -1.0212 1.0212 
6.19163 0.0119813 0.279296 0.96013 -0.0115062 0.960174 -0.279165 -0.999862 -0.00770266 0.0147178 0.039059 0.0193072 -0.118402 0.8754 -0.8754 0.7421 -0.7421 
6.15143 -0.013023 -0.481499 0.87635 -0.999846 -0.00402136 -0.0170677 0.0117422 -0.876437 -0.481373 -0.00301974 -0.0997907 -0.0131749 0.3734 -0.3734 -0.7622 0.7622 
6.08169 -0.0115653 0.481517 -0.87636 -0.999853 0.00549772 0.0162158 0.0126261 0.876419 0.481383 -0.0119442 -0.0997255 -0.0168259 0.497 -0.497 -0.617 0.617 
6.05041 0.0119813 0.279296 0.96013 -0.0115062 0.960174 -0.279165 -0.999862 -0.00770266 0.0147178 0.0389144 0.00754328 -0.118259 0.514 -0.514 0.4173 -0.4173 
6.01426 0.0119813 0.279296 0.96013 -0.0115062 0.960174 -0.279165 -0.999862 -0.00770266 0.0147178 0.0384804 -0.0277486 -0.117829 -0.3586 0.3586 -0.4534 0.4534 
5.95707 -0.698527 0.203788 0.685952 0.000694455 0.958784 -0.284136 -0.715583 -0.198001 -0.669878 -0.0423664 0.00868313 -0.106736 0.5174 -0.5174 0.2986 -0.2986 
5.93649 0.715477 0.198135 0.669951 -0.0164832 0.963462 -0.267336 -0.698441 0.18023 0.692602 0.0922025 -0.0395755 -0.0685029 -0.6774 0.6774 -0.8048 0.8048 
5.87325 -0.715457 -0.174443 -0.676528 0.0181337 0.963365 -0.267581 0.698421 -0.20371 -0.686083 -0.0802369 -0.0247043 0.0121995 -0.3508 0.3508 -0.5706 0.5706 
5.85761 0.698222 0.179065 0.693124 -0.000687081 -0.968044 0.250781 0.71588 -0.175577 -0.675787 0.091445 -0.0179436 0.0142082 0.3436 -0.3436 0.1448 -0.1448 
5.82357 0.715477 0.198135 0.669951 -0.0164832 0.963462 -0.267336 -0.698441 0.18023 0.692602 0.0757685 -0.0395787 -0.0853449 -0.6764 0.6764 -0.9706 0.9706 
5.77757 -0.715457 -0.174443 -0.676528 0.0181337 0.963365 -0.267581 0.698421 -0.20371 -0.686083 -0.0632243 0.0223547 0.028468 0.904 -0.904 0.5841 -0.5841 
5.37733 0.999863 0.00784869 -0.0146029 -0.0113212 0.966722 -0.255579 0.0121109 0.255709 0.966678 0.0960992 0.00832737 0.0037853 0.5288 -0.5288 0.2778 -0.2778 
5.3599 -0.698243 -0.202757 -0.686547 -0.000963364 -0.958783 0.284136 -0.71586 0.199057 0.669268 -0.0791172 -0.0168831 -0.0708706 0.3634 -0.3634 0.1186 -0.1186 
5.32549 -0.715775 0.175499 0.675919 0.0164832 -0.96339 0.267595 0.698136 0.202679 0.686678 -0.036218 -0.00408736 0.0568003 0.0794 -0.0794 -0.1501 0.1501 
5.30151 0.0118702 -0.86437 -0.502716 0.999846 0.00376225 0.0171396 -0.0129236 -0.502842 0.864282 -0.00335058 0.0800542 -0.0293247 0.7004 -0.7004 -0.3366 0.3366 
5.2121 0.0113563 -0.960134 0.27931 -0.0125369 0.279169 0.96016 -0.999857 -0.0144056 -0.00886681 0.011869 -0.00343476 -0.118453 0.351 -0.351 -0.541 0.541 
5.13057 0.0118702 -0.86437 -0.502716 0.999846 0.00376225 0.0171396 -0.0129236 -0.502842 0.864282 0.0134889 0.0796469 -0.0457562 0.6588 -0.6588 -0.3078 0.3078 
5.1298 -0.0124073 0.255622 0.966697 0.0115113 -0.966671 0.255762 0.999857 0.0143013 0.00905124 0.0361066 -0.0402116 0.0623338 0.9124 -0.9124 0.7736 -0.7736 
5.0246 0.999837 -0.00932504 0.0154548 -0.0129664 -0.966704 0.255569 0.012557 -0.255727 -0.966667 0.0962495 -0.0305117 -0.0466424 0.665 -0.665 0.4304 -0.4304 
4.87293 -0.0115653 0.481517 -0.87636 -0.999853 0.00549772 0.0162158 0.0126261 0.876419 0.481383 -0.00372723 -0.0997239 -0.00840496 0.8194 -0.8194 -0.3026 0.3026 
4.78789 0.698222 0.179065 0.693124 -0.000687081 -0.968044 0.250781 0.71588 -0.175577 -0.675787 0.0831699 -0.005976 0.0222806 0.0537 -0.0537 -0.1419 0.1419 
4.76878 0.999863 0.00784869 -0.0146029 -0.0113212 0.966722 -0.255579 0.0121109 0.255709 0.966678 0.0962438 0.0200913 0.00364194 0.8988 -0.8988 0.5878 -0.5878 
4.75389 -0.715775 0.175499 0.675919 0.0164832 -0.96339 0.267595 0.698136 0.202679 0.686678 -0.053086 -0.0393824 0.0403884 1.161 -1.161 0.7554 -0.7554 
4.73191 -0.698243 -0.202757 -0.686547 -0.000963364 -0.958783 0.284136 -0.71586 0.199057 0.669268 -0.0789725 -0.00511919 -0.0710139 0.0746 -0.0746 -0.1632 0.1632 
4.60106 -0.698527 0.203788 0.685952 0.000694455 0.958784 -0.284136 -0.715583 -0.198001 -0.669878 -0.0345253 -0.0385763 -0.114378 -0.6861 0.6861 -0.984 0.984 
4.39669 0.999863 0.00784869 -0.0146029 -0.0113212 0.966722 -0.255579 0.0121109 0.255709 0.966678 0.0958099 -0.0152005 0.00407201 -0.0554 0.0554 -0.2916 0.2916 
4.21818 -0.999857 -0.0143672 -0.00887747 0.011316 -0.960123 0.279348 -0.0125369 0.279208 0.960149 -0.0843544 -0.0276978 0.00203069 0.6932 -0.6932 0.4146 -0.4146 
4.10772 0.999837 -0.00932504 0.0154548 -0.0129664 -0.966704 0.255569 0.012557 -0.255727 -0.966667 0.0963929 -0.0306568 -0.0584064 0.6694 -0.6694 0.4348 -0.4348 
4.08058 0.999863 0.00784869 -0.0146029 -0.0113212 0.966722 -0.255579 0.0121109 0.255709 0.966678 0.0956652 -0.0269645 0.00421536 -0.3436 0.3436 -0.6048 0.6048 
4.02768 0.698548 -0.180096 -0.692529 0.00095599 0.968043 -0.250781 0.715563 0.17452 0.676397 0.0639089 0.020945 0.0410699 0.8961 -0.8961 0.5821 -0.5821 
3.97695 0.999837 -0.00932504 0.0154548 -0.0129664 -0.966704 0.255569 0.012557 -0.255727 -0.966667 0.0958194 -0.0300763 -0.0113506 0.6948 -0.6948 0.4186 -0.4186 
3.95613 -0.698527 0.203788 0.685952 0.000694455 0.958784 -0.284136 -0.715583 -0.198001 -0.669878 -0.0428004 -0.0266087 -0.106306 -0.3553 0.3553 -0.5834 0.5834 
3.88275 0.715477 0.198135 0.669951 -0.0164832 0.963462 -0.267336 -0.698441 0.18023 0.692602 0.0675515 -0.0395803 -0.0937659 -0.6766 0.6766 -0.9798 0.9798 
3.87652 0.715755 -0.199192 -0.669341 -0.0181336 -0.963437 0.267321 -0.698116 -0.179199 -0.693196 0.0730521 -0.0424986 -0.0880564 1.105 -1.105 0.7653 -0.7653 
3.86518 -0.999857 -0.0143672 -0.00887747 0.011316 -0.960123 0.279348 -0.0125369 0.279208 0.960149 -0.0842097 -0.0159339 0.00188733 0.3682 -0.3682 0.1231 -0.1231 
3.85337 -0.698527 0.203788 0.685952 0.000694455 0.958784 -0.284136 -0.715583 -0.198001 -0.669878 -0.033802 0.0202434 -0.115095 0.8802 -0.8802 0.6118 -0.6118 
3.7994 -0.715457 -0.174443 -0.676528 0.0181337 0.963365 -0.267581 0.698421 -0.20371 -0.686083 -0.0550073 0.0223562 0.036889 0.9064 -0.9064 0.5803 -0.5803 
3.59381 0.999837 -0.00932504 0.0154548 -0.0129664 -0.966704 0.255569 0.012557 -0.255727 -0.966667 0.0968268 0.00463505 -0.0588364 -0.2261 0.2261 -0.4349 0.4349 
3.5773 -0.999857 -0.0143672 -0.00887747 0.011316 -0.960123 0.279348 -0.0125369 0.279208 0.960149 -0.0840651 -0.00416994 0.00174398 0.0784 -0.0784 -0.1588 0.1588 
3.27595 -0.999857 -0.0143672 -0.00887747 0.011316 -0.960123 0.279348 -0.0125369 0.279208 0.960149 -0.0839205 0.007594 0.00160062 -0.2034 0.2034 -0.4556 0.4556 
3.20038 -0.715775 0.175499 0.675919 0.0164832 -0.96339 0.267595 0.698136 0.202679 0.686678 -0.0523627 0.0194374 0.0396716 -0.5021 0.5021 -0.8022 0.8022 
3.19576 -0.999842 0.0158435 0.00802553 0.0129717 0.960105 -0.279338 -0.0121311 -0.27919 -0.960159 -0.0832657 -0.00202349 -0.0609489 0.2127 -0.2127 0.0086 -0.0086 
3.09206 -0.715457 -0.174443 -0.676528 0.0181337 0.963365 -0.267581 0.698421 -0.20371 -0.686083 -0.079803 0.0105876 0.0117694 0.5258 -0.5258 0.3041 -0.3041 
3.01272 -0.999842 0.0158435 0.00802553 0.0129717 0.960105 -0.279338 -0.0121311 -0.27919 -0.960159 -0.0834103 -0.0137874 -0.0608055 -0.0698 0.0698 -0.2757 0.2757 
2.99306 0.999837 -0.00932504 0.0154548 -0.0129664 -0.966704 0.255569 0.012557 -0.255727 -0.966667 0.0969715 0.016399 -0.0589798 -0.5283 0.5283 -0.7756 0.7756 
2.91705 -0.698527 0.203788 0.685952 0.000694455 0.958784 -0.284136 -0.715583 -0.198001 -0.669878 -0.0422218 0.0204471 -0.106879 0.8877 -0.8877 0.6088 -0.6088 
2.72211 -0.999842 0.0158435 0.00802553 0.0129717 0.960105 -0.279338 -0.0121311 -0.27919 -0.960159 -0.0836996 -0.0373153 -0.0605188 -0.6803 0.6803 -0.9762 0.9762 
2.61925 0.0119813 0.279296 0.96013 -0.0115062 0.960174 -0.279165 -0.999862 -0.00770266 0.0147178 0.0383358 -0.0395125 -0.117685 -0.6838 0.6838 -0.817 0.817 
2.39608 -0.715457 -0.174443 -0.676528 0.0181337 0.963365 -0.267581 0.698421 -0.20371 -0.686083 -0.0799476 -0.00117639 0.0119128 0.2189 -0.2189 0.0173 -0.0173 
2.37924 -0.999857 -0.0143672 -0.00887747 0.011316 -0.960123 0.279348 -0.0125369 0.279208 0.960149 -0.0837758 0.0193579 0.00145727 -0.5043 0.5043 -0.8038 0.8038 
2.14508 -0.698243 -0.202757 -0.686547 -0.000963364 -0.958783 0.284136 -0.71586 0.199057 0.669268 -0.0450043 0.0175941 -0.104164 -0.5298 0.5298 -0.7907 0.7907 
2.10333 -0.999842 0.0158435 0.00802553 0.0129717 0.960105 -0.279338 -0.0121311 -0.27919 -0.960159 -0.084273 -0.0367349 -0.0134631 -0.6611 0.6611 -1.0226 1.0226 
2.02819 -0.715457 -0.174443 -0.676528 0.0181337 0.963365 -0.267581 0.698421 -0.20371 -0.686083 -0.0796583 0.0223515 0.011626 0.9062 -0.9062 0.6233 -0.6233 
1.70435 -0.715457 -0.174443 -0.676528 0.0181337 0.963365 -0.267581 0.698421 -0.20371 -0.686083 -0.0714413 0.0223531 0.020047 0.9034 -0.9034 0.6206 -0.6206 
1.65815 -0.715457 -0.174443 -0.676528 0.0181337 0.963365 -0.267581 0.698421 -0.20371 -0.686083 -0.071586 0.0105891 0.0201904 0.5249 -0.5249 0.3013 -0.3013 
1.49179 -0.715775 0.175499 0.675919 0.0164832 -0.96339 0.267595 0.698136 0.202679 0.686678 -0.069086 -0.00409368 0.0231164 0.0517 -0.0517 -0.152 0.152 
1.48393 0.0119813 0.279296 0.96013 -0.0115062 0.960174 -0.279165 -0.999862 -0.00770266 0.0147178 0.0265718 -0.0393696 -0.117831 -0.6793 0.6793 -0.9751 0.9751 
0.83584 0.0130335 0.502712 -0.864356 0.999836 -0.0174518 0.0049264 -0.012608 -0.864278 -0.502856 -0.0012532 0.0799957 -0.0320129 0.4094 -0.4094 -0.6194 0.6194 
0.638669 0.0119813 0.279296 0.96013 -0.0115062 0.960174 -0.279165 -0.999862 -0.00770266 0.0147178 -0.00799675 0.0198788 -0.118983 0.903 -0.903 0.5791 -0.5791 
0.404581 0.0118702 -0.86437 -0.502716 0.999846 0.00376225 0.0171396 -0.0129236 -0.502842 0.864282 0.00486641 0.0800558 -0.0209038 0.3722 -0.3722 -0.6606 0.6606 
0.284387 0.999863 0.00784869 -0.0146029 -0.0113212 0.966722 -0.255579 0.0121109 0.255709 0.966678 0.0956639 -0.0388735 -0.00740522 -0.6713 0.6713 -1.0214 1.0214 
0.21382 0.0119813 0.279296 0.96013 -0.0115062 0.960174 -0.279165 -0.999862 -0.00770266 0.0147178 -0.0081414 0.00811481 -0.118839 0.5319 -0.5319 0.2696 -0.2696 
0.023553 -0.012736 -0.876346 -0.481514 -0.999836 0.0173799 -0.00518551 0.012913 0.481369 -0.876423 0.00286398 -0.100141 -0.0359965 0.374 -0.374 -0.6878 0.6878 
