4.74643 0.870162 0.47002 0.147982 -0.453267 0.881275 -0.133804 -0.193304 0.0493558 0.979897 0.064016 -0.0563465 -0.0432615 0 -0.148074 0 0 -0.147446 0 0 -0.0154986 
4.70717 0.428205 0.609214 0.667457 -0.390402 0.790827 -0.471358 -0.815001 -0.0587385 0.576474 0.00202906 -0.0367047 -0.0838953 0 -0.148493 0 0 -0.142629 0 0 -0.0121475 
4.69747 0.664216 -0.240743 0.707715 -0.141032 -0.970079 -0.197627 0.734117 0.0314562 -0.678294 0.0319018 -0.00409019 0.105277 0 -0.130691 0 0 -0.14954 0 0 -0.0169646 
4.60405 -0.802389 0.512372 0.306019 0.25062 0.754645 -0.606383 -0.541629 -0.40986 -0.733929 -0.0963469 0.0278126 -0.00494697 0 -0.133832 0 0 -0.140534 0 0 -0.0289027 
4.57946 -0.428202 0.19387 -0.882642 0.390408 0.920553 0.0127961 0.815 -0.339111 -0.469871 -0.0131216 0.015253 0.109022 0 -0.132366 0 0 -0.154357 0 0 -0.0309971 
4.56166 -0.870159 0.333064 -0.363168 0.453274 0.830106 -0.324758 0.193302 -0.447206 -0.873293 -0.0751086 0.0348948 0.0683883 0 -0.132157 0 0 -0.151635 0 0 -0.0299499 
4.53326 0.90899 -0.409401 0.0782748 -0.412244 -0.910764 0.023736 0.0615724 -0.0538441 -0.996649 0.0802625 -0.0381297 0.0564724 0 -0.12713 0 0 -0.148912 0 0 -0.0165458 
4.53004 0.264592 0.176327 -0.948103 0.0988485 0.973005 0.208545 0.959281 -0.148898 0.240019 0.0533029 -0.0196068 0.0931518 0 -0.135298 0 0 -0.14577 0 0 -0.0316254 
4.5219 -0.0303545 -0.636806 -0.770426 -0.212799 -0.748994 0.627475 -0.976624 0.182992 -0.112776 0.0286858 -0.044567 -0.0753288 0 -0.141163 0 0 -0.132785 0 0 -0.0278555 
4.46614 -0.908993 -0.393683 0.136911 0.412238 -0.800616 0.434826 -0.0615709 0.451694 0.890046 -0.0893994 0.0208456 -0.0323144 0 -0.153101 0 0 -0.130272 0 0 -0.0284838 
4.46558 -0.621293 -0.229628 0.749177 0.441964 -0.892193 0.0930578 0.647041 0.388926 0.655801 -0.0880673 0.0376116 0.0424948 0 -0.143885 0 0 -0.134251 0 0 -0.0305782 
4.4318 -0.664219 -0.562342 -0.49253 0.141026 -0.741301 0.656189 -0.734115 0.366394 0.571691 -0.0410387 -0.0131939 -0.0811185 0 -0.152053 0 0 -0.129643 0 0 -0.0268083 
4.35833 0.0303515 -0.166278 0.985612 0.212792 -0.962387 -0.168913 0.976626 0.214857 0.00617286 -0.0378227 0.0272829 0.0994869 0 -0.135298 0 0 -0.14221 0 0 -0.0253422 
4.32881 0.62129 -0.573456 -0.533991 -0.441971 -0.819188 0.365504 -0.64704 0.0089242 -0.762404 0.0789304 -0.0548957 -0.0183368 0 -0.129224 0 0 -0.141163 0 0 -0.0238762 
4.30848 -0.264589 0.626757 0.732918 -0.0988422 0.738376 -0.667107 -0.959283 -0.248952 -0.133416 -0.0643954 -0.00184485 -0.0680249 0 -0.141581 0 0 -0.131738 0 0 -0.0194779 
4.30383 0.802391 0.290712 -0.521205 -0.250613 0.956735 0.147821 0.541628 0.0120106 0.840532 0.0852543 -0.0492643 0.0300739 0 -0.141163 0 0 -0.140534 0 0 -0.0278555 
1.80634 -0.165332 0.721082 -0.672835 0.832896 0.467435 0.29629 0.528156 -0.511415 -0.677868 0.0372331 0.0852145 0.0765853 0 -0.197292 0 0 -0.0171741 0 0 0.147446 
1.80547 0.27257 -0.930352 0.245257 -0.833502 -0.355659 -0.422824 0.480603 -0.0891733 -0.872393 -0.0210889 -0.0945905 0.0991143 0 -0.173626 0 0 -0.0144514 0 0 0.173207 
1.69556 0.088448 -0.71575 0.692733 0.517725 -0.561104 -0.64585 0.850963 0.41577 0.320933 0.0250692 0.103745 0.0577592 0 -0.141791 0 0 -0.103044 0 0 0.0207346 
1.66777 0.189983 -0.979941 0.060187 -0.94326 -0.165179 0.288057 -0.272337 -0.111498 -0.95572 -0.021089 -0.133873 0.0332647 0 -0.158546 0 0 -0.0741418 0 0 0.059481 
1.44842 0.463282 0.798193 -0.385042 -0.407174 0.577624 0.707503 0.787133 -0.170994 0.592606 0.0832504 -0.0457542 0.0482524 0 -0.0967613 0 0 -0.137393 0 0 0.0196874 
1.37356 -0.463276 0.88378 -0.0656401 0.407177 0.146483 -0.901526 -0.787136 -0.444382 -0.427717 -0.0151059 0.0952242 -0.0546915 0 -0.180537 0 0 -0.158546 0 0 -0.0770739 
1.2915 0.279607 -0.945731 -0.165568 -0.909902 -0.316052 0.26868 -0.306427 0.0755254 -0.948893 0.077893 -0.065142 0.00341147 0 -0.232269 0 0 -0.158546 0 0 -0.0791683 
1.05528 0.210681 0.725942 -0.654693 0.30103 0.589001 0.749973 0.930051 -0.355087 -0.0944392 0.0710815 0.0176571 0.0896072 0 -0.150587 0 0 -0.0538261 0 0 0.102835 
1.05354 -0.279613 -0.736242 0.61625 0.9099 -0.408055 -0.0746568 0.306429 0.539851 0.784004 -0.0056525 0.116375 -0.0113491 0 -0.0379086 0 0 -0.157289 0 0 0.0946669 
1.01711 0.404696 -0.76862 0.495424 -0.177727 -0.597552 -0.781885 0.897014 0.228376 -0.378431 0.0622644 0.0453487 0.090708 0 -0.253213 0 0 -0.100741 0 0 0.00293216 
0.930838 0.195487 -0.880172 0.432529 -0.235491 -0.470264 -0.850527 0.952013 0.0644103 -0.299204 -0.0358689 -0.0220142 0.118952 0 -0.163154 0 0 -0.029531 0 0 0.140534 
0.888177 -0.444494 0.786461 -0.428841 0.876864 0.284138 -0.387783 -0.183126 -0.548402 -0.815917 0.00153311 0.117344 0.0168149 0 -0.206089 0 0 -0.0479618 0 0 0.0747701 
0.880346 -0.210675 0.956031 0.20401 -0.301028 0.135106 -0.943996 -0.930053 -0.260289 0.259328 -0.00293695 0.0318129 -0.0960462 0 -0.165667 0 0 -0.260124 0 0 -0.0808438 
0.843682 0.4445 0.895512 -0.0218416 -0.876861 0.439968 0.193759 0.183123 -0.066974 0.980806 0.0666115 -0.0678739 -0.023254 0 -0.115611 0 0 -0.22452 0 0 -0.00921536 
0.838225 0.00388873 -0.858796 0.512302 0.500467 -0.441859 -0.744509 0.865747 0.259286 0.428081 -0.0567711 0.0413414 0.0811571 0 -0.13446 0 0 -0.104511 0 0 0.033301 
0.793321 0.165338 0.960891 0.222152 -0.832894 0.256672 -0.490314 -0.528158 -0.103961 0.842758 0.0309115 -0.0357445 -0.0830244 0 -0.14577 0 0 -0.27688 0 0 -0.0456579 
0.771547 -0.0884542 -0.966223 -0.242051 -0.517728 -0.163003 0.839874 -0.850961 0.199607 -0.485822 0.0471714 -0.0525121 -0.0656968 0 -0.150587 0 0 -0.187239 0 0 -0.0379086 
0.748599 0.483877 -0.863881 0.139905 -0.769069 -0.496048 -0.403074 0.417608 0.0874419 -0.90441 0.0841448 -0.0246068 0.0681965 0 -0.279393 0 0 -0.130272 0 0 -0.0383275 
0.722129 -0.483883 -0.818092 0.310778 0.769067 -0.228059 0.597098 -0.417605 0.527934 0.739521 -0.0119042 0.0758401 -0.0761341 0 -0.0276461 0 0 -0.199806 0 0 0.124407 
0.689841 -0.237999 0.963745 -0.120631 0.471607 0.00609175 -0.881788 -0.849084 -0.266755 -0.455959 -0.0757503 0.0387963 -0.0370169 0 -0.176767 0 0 -0.146399 0 0 -0.0462862 
0.678049 0.238006 0.894942 -0.377401 -0.471606 0.446172 0.760604 0.849083 -0.0030438 0.528251 -0.0214161 -0.115407 0.0788081 0 -0.0999029 0 0 -0.136974 0 0 0.00565488 
0.611685 -0.0743054 0.997226 0.00432446 -0.26768 -0.0157678 -0.963379 -0.960638 -0.0727418 0.26811 -0.0658204 -0.0258685 -0.0770063 0 -0.0810533 0 0 -0.176348 0 0 0.0584338 
0.598017 -0.404702 -0.913353 -0.0447418 0.177724 -0.126555 0.975909 -0.897012 0.387001 0.213542 0.00997611 0.00588462 -0.0986457 0 -0.0741418 0 0 -0.211744 0 0 0.0611565 
0.549271 0.0743122 0.861461 -0.502357 0.267682 0.468032 0.842195 0.960637 -0.197057 -0.195817 -0.031346 -0.0507423 0.118797 0 -0.232269 0 0 -0.137602 0 0 -0.0511034 
0.489574 -0.262274 0.910112 -0.320794 0.934634 0.156848 -0.319151 -0.240148 -0.38353 -0.891759 -0.069766 0.058296 0.0368968 0 -0.259077 0 0 -0.156452 0 0 -0.0703718 
0.452044 -0.00389556 -0.999891 -0.0142694 -0.500469 -0.0104044 0.865692 -0.865746 0.0105137 -0.500373 -0.035869 -0.116851 -0.040023 0 -0.151216 0 0 -0.199177 0 0 -0.0672302 
0.368967 0.262281 0.948575 -0.177239 -0.934633 0.295416 0.197968 0.240147 0.113731 0.964051 -0.0274004 -0.134907 0.00489432 0 -0.0119381 0 0 -0.182422 0 0 0.140115 
0.216278 -0.132911 0.867744 -0.47891 0.850166 0.34819 0.394946 0.509463 -0.35466 -0.784005 -0.0513731 0.0212079 0.101437 0 -0.290912 0 0 -0.155195 0 0 -0.0686963 
0.142426 -0.18999 -0.878746 0.437846 0.943258 -0.287084 -0.166874 0.272338 0.381297 0.883428 -0.0715511 0.0583636 0.00786941 0 -0.144304 0 0 -0.202528 0 0 -0.0494278 
0.128047 -0.195494 -0.978515 0.0655035 0.23549 0.0180003 0.97171 -0.952012 0.205389 0.226911 -0.0567711 -0.0534952 -0.0778178 0 -0.171112 0 0 -0.285676 0 0 -0.0913158 
0.0760644 -0.272577 -0.928335 0.252776 0.833501 -0.0966044 0.544007 -0.480602 0.358973 0.8001 -0.0715512 0.019081 -0.0579802 0 -0.169437 0 0 -0.274157 0 0 -0.0825194 
