9.63246 0.00243309 -0.216801 -0.976213 -0.0948341 0.971766 -0.21605 0.99549 0.0931039 -0.0181957 -0.0212189 -0.0108542 0.087553 0.9736 -0.9736 -0.3176 0.3176 
9.38642 0.00243309 -0.216801 -0.976213 -0.0948341 0.971766 -0.21605 0.99549 0.0931039 -0.0181957 -0.00719486 -0.0115815 0.0874525 0.9682 -0.9682 -0.3364 0.3364 
9.38207 0.00192141 0.216798 0.976215 -0.0964529 -0.971625 0.215968 0.995336 -0.0945737 0.0190439 -0.00590788 -0.0168289 0.0869455 0.475 -0.475 -0.7792 0.7792 
9.35105 0.998589 -0.0516534 0.0123009 -0.0526308 -0.932219 0.358048 -0.00702719 -0.35819 -0.933622 0.0800297 -0.0128974 -0.00107666 0.4847 -0.4847 -0.7778 0.7778 
9.30477 -0.998676 -0.049014 0.0156459 0.0509899 -0.983464 0.173776 0.00686972 0.174343 0.984661 -0.0904787 -0.0182018 0.000354425 0.9104 -0.9104 -0.3778 0.3778 
9.19987 5.05326e-05 0.964852 -0.262794 -0.996605 0.0216858 0.0794282 0.0823353 0.261898 0.961577 -0.00446612 -0.0948859 0.00443159 0.1309 -0.1309 -0.3509 0.3509 
9.17406 0.998589 -0.0516534 0.0123009 -0.0526308 -0.932219 0.358048 -0.00702719 -0.35819 -0.933622 0.0800602 -0.0142406 0.0129022 0.4854 -0.4854 -0.7822 0.7822 
9.11964 0.00509319 -0.266754 -0.963751 0.0833691 0.960522 -0.265419 0.996506 -0.0789953 0.0271311 0.00637133 -0.020288 0.0806854 0.1487 -0.1487 -1.067 1.067 
9.11225 0.00243309 -0.216801 -0.976213 -0.0948341 0.971766 -0.21605 0.99549 0.0931039 -0.0181957 -0.00792844 -0.0255415 0.0861127 0.5106 -0.5106 -0.75 0.75 
9.09754 -0.998588 0.0504886 -0.0164968 0.0525901 0.983388 -0.173731 0.00745127 -0.174354 -0.984655 -0.0809579 -0.0273638 -0.00211453 0.1394 -0.1394 -1.422 1.422 
8.94007 0.053062 0.961619 -0.269208 0.994004 -0.0250521 0.106435 0.0956061 -0.273242 -0.957183 -0.0132837 0.0858746 0.0227259 -0.1939 0.1939 -0.7356 0.7356 
8.89463 0.0514126 -0.961696 0.269253 0.99413 0.0235843 -0.105588 0.0951938 0.273101 0.957264 -0.0044465 0.0852672 0.024216 0.4816 -0.4816 -0.0202 0.0202 
8.85736 0.00243309 -0.216801 -0.976213 -0.0948341 0.971766 -0.21605 0.99549 0.0931039 -0.0181957 -0.0219525 -0.0248142 0.0862133 0.5142 -0.5142 -0.7246 0.7246 
8.85509 0.998675 0.0501788 -0.01145 -0.0509492 0.932295 -0.358092 -0.0072938 0.3582 0.933616 0.0810687 0.00473669 0.0162912 1.304 -1.304 -0.0042 0.0042 
8.74499 0.053062 0.961619 -0.269208 0.994004 -0.0250521 0.106435 0.0956061 -0.273242 -0.957183 0.000740392 0.0851473 0.0226253 0.1424 -0.1424 -0.354 0.354 
8.73481 -0.998676 -0.049014 0.0156459 0.0509899 -0.983464 0.173776 0.00686972 0.174343 0.984661 -0.0897451 -0.00424183 0.00169415 0.4878 -0.4878 -0.7812 0.7812 
8.61136 0.998675 0.0501788 -0.01145 -0.0509492 0.932295 -0.358092 -0.0072938 0.3582 0.933616 0.0803657 -0.0105664 0.0289304 0.9326 -0.9326 -0.3464 0.3464 
8.5269 -0.0530611 -0.962784 0.265012 -0.994045 0.0762211 0.0778808 -0.095182 -0.259302 -0.961095 0.0136726 -0.104922 0.0043344 -0.2006 0.2006 -0.7459 0.7459 
8.44904 -0.998588 0.0504886 -0.0164968 0.0525901 0.983388 -0.173731 0.00745127 -0.174354 -0.984655 -0.100166 -0.0137112 0.0133473 0.5086 -0.5086 -0.731 0.731 
8.44709 -0.998588 0.0504886 -0.0164968 0.0525901 0.983388 -0.173731 0.00745127 -0.174354 -0.984655 -0.0809273 -0.028707 0.0118643 0.1362 -0.1362 -1.4614 1.4614 
8.42769 -0.0514136 0.962861 -0.265057 -0.994089 -0.0747533 -0.0787279 -0.0956179 0.259443 0.961013 0.00484221 -0.104613 0.00595119 0.49 -0.49 -0.0132 0.0132 
8.42184 -0.998676 -0.049014 0.0156459 0.0509899 -0.983464 0.173776 0.00686972 0.174343 0.984661 -0.0904481 -0.0195449 0.0143333 0.9168 -0.9168 -0.3746 0.3746 
8.40626 -0.0530611 -0.962784 0.265012 -0.994045 0.0762211 0.0778808 -0.095182 -0.259302 -0.961095 0.000170897 -0.0942536 0.00538896 0.1226 -0.1226 -0.3744 0.3744 
8.40134 -5.26114e-05 -0.962241 0.272197 0.99657 0.0224766 0.0796493 -0.0827599 0.271268 0.958939 -0.00923595 0.0944819 -0.0112305 0.476 -0.476 -0.0169 0.0169 
8.40099 0.998675 0.0501788 -0.01145 -0.0509492 0.932295 -0.358092 -0.0072938 0.3582 0.933616 0.0796016 -0.0231832 0.0136118 0.5128 -0.5128 -0.7594 0.7594 
8.37374 0.00243309 -0.216801 -0.976213 -0.0948341 0.971766 -0.21605 0.99549 0.0931039 -0.0181957 0.00682921 -0.0123088 0.0873519 0.9628 -0.9628 -0.3552 0.3552 
8.35346 0.00192141 0.216798 0.976215 -0.0964529 -0.971625 0.215968 0.995336 -0.0945737 0.0190439 -0.00661969 -0.0317453 0.0955599 0.9374 -0.9374 -0.3766 0.3766 
8.29701 0.00509319 -0.266754 -0.963751 0.0833691 0.960522 -0.265419 0.996506 -0.0789953 0.0271311 -0.0211539 -0.0202557 0.0808175 0.1528 -0.1528 -1.0604 1.0604 
8.27529 0.0514126 -0.961696 0.269253 0.99413 0.0235843 -0.105588 0.0951938 0.273101 0.957264 0.00957757 0.0845399 0.0241154 0.1339 -0.1339 -0.3668 0.3668 
8.23497 -5.26114e-05 -0.962241 0.272197 0.99657 0.0224766 0.0796493 -0.0827599 0.271268 0.958939 0.00451894 0.0844999 -0.010471 0.1302 -0.1302 -0.3522 0.3522 
8.14255 0.998675 0.0501788 -0.01145 -0.0509492 0.932295 -0.358092 -0.0072938 0.3582 0.933616 0.079571 -0.0218401 -0.000367105 0.5092 -0.5092 -0.7636 0.7636 
8.07627 0.0514126 -0.961696 0.269253 0.99413 0.0235843 -0.105588 0.0951938 0.273101 0.957264 -0.00441592 0.0839241 0.0381948 0.4744 -0.4744 -0.0151 0.0151 
8.00779 -0.998676 -0.049014 0.0156459 0.0509899 -0.983464 0.173776 0.00686972 0.174343 0.984661 -0.0897145 -0.00558498 0.015673 0.4924 -0.4924 -0.777 0.777 
7.9211 0.00466588 0.266746 0.963755 0.0817246 -0.960644 0.265489 0.996644 0.0775238 -0.026282 0.0219712 -0.0252064 0.0810165 1.3146 -1.3146 0.0436 -0.0436 
7.87116 -0.999989 0.00129798 0.00448267 0.000333815 -0.938188 0.346125 0.00465485 0.346122 0.938178 -0.0799987 -0.0318728 -0.000417988 1.4878 -1.4878 -0.1736 0.1736 
7.85892 -0.998588 0.0504886 -0.0164968 0.0525901 0.983388 -0.173731 0.00745127 -0.174354 -0.984655 -0.0894464 -0.000269159 0.0146154 0.9652 -0.9652 -0.3628 0.3628 
7.84593 0.998675 0.0501788 -0.01145 -0.0509492 0.932295 -0.358092 -0.0072938 0.3582 0.933616 0.0903215 -0.00974118 0.0148799 0.9438 -0.9438 -0.363 0.363 
7.74474 0.053062 0.961619 -0.269208 0.994004 -0.0250521 0.106435 0.0956061 -0.273242 -0.957183 0.0147645 0.08442 0.0225248 0.5042 -0.5042 -0.0147 0.0147 
7.72547 -0.0514136 0.962861 -0.265057 -0.994089 -0.0747533 -0.0787279 -0.0956179 0.259443 0.961013 -0.00918186 -0.103885 0.00605175 0.1414 -0.1414 -0.3594 0.3594 
7.63834 -0.000990805 0.262794 0.964851 -0.996654 -0.079117 0.0205254 0.0817301 -0.961603 0.261993 0.0216313 -0.102889 0.0291963 -0.3501 0.3501 -0.3711 0.3711 
7.62479 0.00192141 0.216798 0.976215 -0.0964529 -0.971625 0.215968 0.995336 -0.0945737 0.0190439 0.0228738 -0.00432355 0.0880841 0.1332 -0.1332 -1.1064 1.1064 
7.61687 -0.000990805 0.262794 0.964851 -0.996654 -0.079117 0.0205254 0.0817301 -0.961603 0.261993 0.021497 -0.105161 0.00176496 0.3202 -0.3202 0.2986 -0.2986 
7.46949 -0.000990805 0.262794 0.964851 -0.996654 -0.079117 0.0205254 0.0817301 -0.961603 0.261993 0.0215642 -0.104025 0.0154806 -0.0096 0.0096 -0.0342 0.0342 
7.33561 0.00136416 -0.976215 0.2168 -0.095389 -0.215938 -0.971736 0.995439 -0.0193547 -0.0934148 0.00488034 -0.0174865 0.106951 0.1337 -0.1337 -0.3658 0.3658 
7.20759 0.00299034 0.976212 -0.216798 -0.095898 0.21608 0.971655 0.995387 0.0178849 0.0942629 -0.00387192 -0.015477 0.107163 0.1459 -0.1459 -0.3524 0.3524 
7.18022 -0.0530611 -0.962784 0.265012 -0.994045 0.0762211 0.0778808 -0.095182 -0.259302 -0.961095 -0.0143755 -0.103467 0.00453552 0.4966 -0.4966 -0.0219 0.0219 
7.04972 -0.0514136 0.962861 -0.265057 -0.994089 -0.0747533 -0.0787279 -0.0956179 0.259443 0.961013 0.00487278 -0.105956 0.0199301 0.4844 -0.4844 -0.0067 0.0067 
6.99293 0.0514126 -0.961696 0.269253 0.99413 0.0235843 -0.105588 0.0951938 0.273101 0.957264 0.00960815 0.0831968 0.0380943 0.1274 -0.1274 -0.3612 0.3612 
6.95759 0.00299034 0.976212 -0.216798 -0.095898 0.21608 0.971655 0.995387 0.0178849 0.0942629 0.0101521 -0.0162043 0.107062 0.4992 -0.4992 -0.0114 0.0114 
6.83277 0.998589 -0.0516534 0.0123009 -0.0526308 -0.932219 0.358048 -0.00702719 -0.35819 -0.933622 0.0907801 -0.000798514 0.0141703 0.1387 -0.1387 -1.0146 1.0146 
6.81798 0.00136416 -0.976215 0.2168 -0.095389 -0.215938 -0.971736 0.995439 -0.0193547 -0.0934148 -0.00914373 -0.0167592 0.107051 0.485 -0.485 -0.0237 0.0237 
6.65481 0.998589 -0.0516534 0.0123009 -0.0526308 -0.932219 0.358048 -0.00702719 -0.35819 -0.933622 0.0792961 -0.0268574 -0.00241639 0.9574 -0.9574 -0.3754 0.3754 
6.64658 -0.998676 -0.049014 0.0156459 0.0509899 -0.983464 0.173776 0.00686972 0.174343 0.984661 -0.089684 -0.00692813 0.0296519 0.4956 -0.4956 -0.7444 0.7444 
6.54722 -5.26114e-05 -0.962241 0.272197 0.99657 0.0224766 0.0796493 -0.0827599 0.271268 0.958939 0.018297 0.104415 -0.0121881 -0.2003 0.2003 -0.7374 0.7374 
6.49942 -0.00134191 0.948268 -0.317467 0.0958125 -0.315885 -0.943947 -0.995398 -0.031684 -0.0904321 -0.00436714 0.00114494 -0.082125 0.1528 -0.1528 -0.3662 0.3662 
6.49352 -0.0030126 -0.948265 0.317465 0.0954745 0.315744 0.944029 -0.995427 0.0331538 0.0895839 0.00601533 0.0301581 -0.07936 0.1044 -0.1044 -0.3892 0.3892 
6.40913 -0.0030126 -0.948265 0.317465 0.0954745 0.315744 0.944029 -0.995427 0.0331538 0.0895839 0.00454816 0.00223816 -0.0820395 0.1409 -0.1409 -0.3784 0.3784 
6.4078 0.00299034 0.976212 -0.216798 -0.095898 0.21608 0.971655 0.995387 0.0178849 0.0942629 -0.0179178 -0.0137933 0.0973095 -0.1871 0.1871 -0.7486 0.7486 
6.39632 0.00136416 -0.976215 0.2168 -0.095389 -0.215938 -0.971736 0.995439 -0.0193547 -0.0934148 0.0188826 -0.0172573 0.0968961 -0.1986 0.1986 -0.7654 0.7654 
6.3822 -0.0030126 -0.948265 0.317465 0.0954745 0.315744 0.944029 -0.995427 0.0331538 0.0895839 -0.00945413 0.00200903 -0.0719848 0.493 -0.493 -0.0296 0.0296 
6.37672 0.0514126 -0.961696 0.269253 0.99413 0.0235843 -0.105588 0.0951938 0.273101 0.957264 0.0246464 0.103694 0.0259229 -0.2303 0.2303 -0.7914 0.7914 
6.29066 0.999987 0.00131256 0.00492077 -0.000368983 0.982351 -0.187047 -0.00507943 0.187043 0.982339 0.100014 -0.027184 -0.00168776 0.2859 -0.2859 -1.08 1.08 
6.0695 -0.998676 -0.049014 0.0156459 0.0509899 -0.983464 0.173776 0.00686972 0.174343 0.984661 -0.0989673 0.00889288 0.0170843 0.1312 -0.1312 -1.0574 1.0574 
6.06263 -0.00134191 0.948268 -0.317467 0.0958125 -0.315885 -0.943947 -0.995398 -0.031684 -0.0904321 0.00965693 0.000417642 -0.0822255 0.5114 -0.5114 -0.0214 0.0214 
5.96673 -0.998676 -0.049014 0.0156459 0.0509899 -0.983464 0.173776 0.00686972 0.174343 0.984661 -0.0804312 -0.021406 0.0282405 0.9412 -0.9412 -0.3384 0.3384 
5.91184 5.05326e-05 0.964852 -0.262794 -0.996605 0.0216858 0.0794282 0.0823353 0.261898 0.961577 -0.018252 -0.124767 0.00697419 -0.1999 0.1999 -0.736 0.736 
5.90194 0.00243309 -0.216801 -0.976213 -0.0948341 0.971766 -0.21605 0.99549 0.0931039 -0.0181957 0.00609563 -0.0262688 0.0860122 0.5072 -0.5072 -0.7752 0.7752 
5.89175 -0.0030126 -0.948265 0.317465 0.0954745 0.315744 0.944029 -0.995427 0.0331538 0.0895839 -0.00800874 0.0308854 -0.0792594 0.4572 -0.4572 -0.0437 0.0437 
5.88433 -0.00134191 0.948268 -0.317467 0.0958125 -0.315885 -0.943947 -0.995398 -0.031684 -0.0904321 -0.0183694 0.00091581 -0.0720703 -0.1878 0.1878 -0.7652 0.7652 
5.85837 0.00299034 0.976212 -0.216798 -0.095898 0.21608 0.971655 0.995387 0.0178849 0.0942629 0.0115975 0.0126721 0.0997878 0.5238 -0.5238 0.0201 -0.0201 
5.84388 -0.0030126 -0.948265 0.317465 0.0954745 0.315744 0.944029 -0.995427 0.0331538 0.0895839 0.0200394 0.0294308 -0.0794606 -0.2328 0.2328 -0.7988 0.7988 
5.82332 0.00243309 -0.216801 -0.976213 -0.0948341 0.971766 -0.21605 0.99549 0.0931039 -0.0181957 -0.0204636 0.0021493 0.0988469 1.211 -1.211 0.0078 -0.0078 
5.82234 0.00299034 0.976212 -0.216798 -0.095898 0.21608 0.971655 0.995387 0.0178849 0.0942629 -0.00242653 0.0133994 0.0998884 0.167 -0.167 -0.3192 0.3192 
5.78618 0.00299034 0.976212 -0.216798 -0.095898 0.21608 0.971655 0.995387 0.0178849 0.0942629 -0.0164506 0.0141267 0.0999889 -0.1698 0.1698 -0.701 0.701 
5.74693 0.998675 0.0501788 -0.01145 -0.0509492 0.932295 -0.358092 -0.0072938 0.3582 0.933616 0.0910856 0.00287564 0.0301985 1.1694 -1.1694 -0.0137 0.0137 
5.74527 0.00405436 -0.963757 0.266752 0.0827601 -0.265515 -0.960548 0.996561 0.0259708 0.0786841 -0.00892116 -0.00992167 0.0799017 0.4752 -0.4752 -0.0161 0.0161 
5.70939 -0.0030126 -0.948265 0.317465 0.0954745 0.315744 0.944029 -0.995427 0.0331538 0.0895839 0.018594 0.000554427 -0.0721859 -0.2008 0.2008 -0.7816 0.7816 
5.68332 -0.0514136 0.962861 -0.265057 -0.994089 -0.0747533 -0.0787279 -0.0956179 0.259443 0.961013 -0.00915129 -0.105229 0.0200306 0.1362 -0.1362 -0.3522 0.3522 
5.67959 0.00405436 -0.963757 0.266752 0.0827601 -0.265515 -0.960548 0.996561 0.0259708 0.0786841 0.0185934 -0.0236698 0.0809057 -0.1998 0.1998 -0.7392 0.7392 
5.67398 0.00405436 -0.963757 0.266752 0.0827601 -0.265515 -0.960548 0.996561 0.0259708 0.0786841 -0.00894246 -0.0373533 0.0821739 0.4768 -0.4768 -0.0139 0.0139 
5.66447 5.05326e-05 0.964852 -0.262794 -0.996605 0.0216858 0.0794282 0.0823353 0.261898 0.961577 0.0092733 -0.1248 0.00684209 0.476 -0.476 -0.0149 0.0149 
5.6586 0.999983 -0.00523301 0.00247686 -0.00145435 0.187048 0.98235 -0.00560394 -0.982337 0.187037 0.0801411 -0.0129842 0.0214629 -0.3466 0.3466 -0.3796 0.3796 
5.62294 0.00405436 -0.963757 0.266752 0.0827601 -0.265515 -0.960548 0.996561 0.0259708 0.0786841 0.00483082 -0.0236536 0.0809718 0.1307 -0.1307 -0.3524 0.3524 
5.57499 -0.998676 -0.049014 0.0156459 0.0509899 -0.983464 0.173776 0.00686972 0.174343 0.984661 -0.0890115 0.00971813 0.00303388 0.1397 -0.1397 -1.0918 1.0918 
5.53924 -0.0030126 -0.948265 0.317465 0.0954745 0.315744 0.944029 -0.995427 0.0331538 0.0895839 0.00528175 0.0161981 -0.0806997 0.1226 -0.1226 -0.3924 0.3924 
5.51797 0.00405436 -0.963757 0.266752 0.0827601 -0.265515 -0.960548 0.996561 0.0259708 0.0786841 0.00482017 -0.0373695 0.0821079 0.1309 -0.1309 -0.3494 0.3494 
5.48188 0.998589 -0.0516534 0.0123009 -0.0526308 -0.932219 0.358048 -0.00702719 -0.35819 -0.933622 0.0793267 -0.0282005 0.0115625 0.9578 -0.9578 -0.3786 0.3786 
5.41425 0.999983 -0.00523301 0.00247686 -0.00145435 0.187048 0.98235 -0.00560394 -0.982337 0.187037 0.0800068 -0.0152563 -0.00596839 0.3224 -0.3224 0.2898 -0.2898 
5.40238 0.00243309 -0.216801 -0.976213 -0.0948341 0.971766 -0.21605 0.99549 0.0931039 -0.0181957 -0.0064395 0.001422 0.0987463 1.2038 -1.2038 -0.0096 0.0096 
5.37411 -0.998588 0.0504886 -0.0164968 0.0525901 0.983388 -0.173731 0.00745127 -0.174354 -0.984655 -0.110214 -0.010507 -0.0145388 0.3486 -0.3486 -0.6737 0.6737 
5.35741 0.998675 0.0501788 -0.01145 -0.0509492 0.932295 -0.358092 -0.0072938 0.3582 0.933616 0.0896184 -0.0250443 0.027519 0.4894 -0.4894 -0.7734 0.7734 
5.28131 -0.00234686 0.317468 0.948266 0.096475 0.943917 -0.315773 -0.995333 0.0907429 -0.032843 -0.00602831 0.00555451 -0.0917437 0.744 -0.744 -1.2696 1.2696 
5.02777 0.999983 -0.00523301 0.00247686 -0.00145435 0.187048 0.98235 -0.00560394 -0.982337 0.187037 0.110074 -0.0141555 0.0076033 -0.0096 0.0096 -0.0372 0.0372 
4.93989 0.00192141 0.216798 0.976215 -0.0964529 -0.971625 0.215968 0.995336 -0.0945737 0.0190439 0.00813796 -0.0185126 0.096799 0.5084 -0.5084 -0.7684 0.7684 
4.80524 0.00299034 0.976212 -0.216798 -0.095898 0.21608 0.971655 0.995387 0.0178849 0.0942629 -0.0171842 0.0001667 0.0986492 -0.1728 0.1728 -0.7246 0.7246 
4.80252 0.00299034 0.976212 -0.216798 -0.095898 0.21608 0.971655 0.995387 0.0178849 0.0942629 -0.00316011 -0.000560601 0.0985486 0.164 -0.164 -0.3382 0.3382 
4.76732 0.999983 -0.00523301 0.00247686 -0.00145435 0.187048 0.98235 -0.00560394 -0.982337 0.187037 0.0802402 0.0292994 0.0317702 -0.6733 0.6733 -0.8469 0.8469 
4.75234 0.053062 0.961619 -0.269208 0.994004 -0.0250521 0.106435 0.0956061 -0.273242 -0.957183 -0.0123001 0.108442 -0.00332386 -0.1671 0.1671 -0.7 0.7 
4.71444 -0.0030126 -0.948265 0.317465 0.0954745 0.315744 0.944029 -0.995427 0.0331538 0.0895839 0.0193276 0.0145144 -0.0708461 -0.2191 0.2191 -0.7998 0.7998 
4.67566 0.999983 -0.00523301 0.00247686 -0.00145435 0.187048 0.98235 -0.00560394 -0.982337 0.187037 0.0802295 0.0155835 0.0329063 -0.6769 0.6769 -0.8512 0.8512 
4.66463 0.00405436 -0.963757 0.266752 0.0827601 -0.265515 -0.960548 0.996561 0.0259708 0.0786841 0.0185828 -0.0373856 0.0820419 -0.1993 0.1993 -0.7352 0.7352 
4.65982 -0.999989 0.00474845 -9.6995e-05 -0.00462543 -0.969039 0.246863 0.00107822 0.24686 0.96905 -0.0802113 -0.0113296 0.0142668 0.5021 -0.5021 -0.7102 0.7102 
4.65881 -0.999989 0.00474845 -9.6995e-05 -0.00462543 -0.969039 0.246863 0.00107822 0.24686 0.96905 -0.0802479 -0.00166039 0.0144733 0.2527 -0.2527 -1.0798 1.0798 
4.63866 -0.999994 -0.00327188 -0.000755064 -0.00298422 0.969045 -0.246866 0.00153941 -0.246862 -0.969049 -0.0902226 -0.0104156 0.00836647 0.7332 -0.7332 -0.4836 0.4836 
4.63623 -0.999989 0.00474845 -9.6995e-05 -0.00462543 -0.969039 0.246863 0.00107822 0.24686 0.96905 -0.0802344 -0.00186687 0.0241426 0.2536 -0.2536 -1.0714 1.0714 
4.61302 0.053062 0.961619 -0.269208 0.994004 -0.0250521 0.106435 0.0956061 -0.273242 -0.957183 0.00224636 0.117656 -0.00247042 0.1694 -0.1694 -0.3122 0.3122 
4.59492 -0.0030126 -0.948265 0.317465 0.0954745 0.315744 0.944029 -0.995427 0.0331538 0.0895839 -0.00874232 0.0169254 -0.0805992 0.4778 -0.4778 -0.0467 0.0467 
4.59184 -0.999989 0.00474845 -9.6995e-05 -0.00462543 -0.969039 0.246863 0.00107822 0.24686 0.96905 -0.0801979 -0.0115361 0.0239361 0.5031 -0.5031 -0.7044 0.7044 
4.57936 -0.00134191 0.948268 -0.317467 0.0958125 -0.315885 -0.943947 -0.995398 -0.031684 -0.0904321 0.0103905 0.0143776 -0.0808858 0.5286 -0.5286 -0.0034 0.0034 
4.55071 -0.999994 -0.00327188 -0.000755064 -0.00298422 0.969045 -0.246866 0.00153941 -0.246862 -0.969049 -0.0901861 -0.0200848 0.00815994 0.4544 -0.4544 -0.7702 0.7702 
4.54214 -0.999989 0.00474845 -9.6995e-05 -0.00462543 -0.969039 0.246863 0.00107822 0.24686 0.96905 -0.0801748 -0.0209989 0.0140602 0.7936 -0.7936 -0.4348 0.4348 
4.52852 0.00136416 -0.976215 0.2168 -0.095389 -0.215938 -0.971736 0.995439 -0.0193547 -0.0934148 0.019638 -0.00425382 0.10819 -0.2221 0.2221 -0.7718 0.7718 
4.49536 -0.999989 0.00474845 -9.6995e-05 -0.00462543 -0.969039 0.246863 0.00107822 0.24686 0.96905 -0.0802613 -0.00145391 0.00480398 0.2514 -0.2514 -1.0866 1.0866 
4.49406 0.999988 -0.00400493 0.00277522 0.00463452 0.957618 -0.288005 -0.00150416 0.288015 0.957625 0.0897949 -0.00985733 0.0140619 0.7388 -0.7388 -0.484 0.484 
4.43367 0.00159965 -0.271136 -0.96254 -0.0205234 0.962329 -0.271111 0.999788 0.0201882 -0.00402523 0.00176016 -0.0117342 0.0863641 0.7374 -0.7374 -0.4852 0.4852 
4.43105 0.999988 -0.00400493 0.00277522 0.00463452 0.957618 -0.288005 -0.00150416 0.288015 0.957625 0.0898448 -0.0197331 0.0235247 0.455 -0.455 -0.7654 0.7654 
4.42612 0.00299034 0.976212 -0.216798 -0.095898 0.21608 0.971655 0.995387 0.0178849 0.0942629 -0.0046055 -0.029437 0.105823 0.1289 -0.1289 -0.3716 0.3716 
4.41976 0.999988 -0.00400493 0.00277522 0.00463452 0.957618 -0.288005 -0.00150416 0.288015 0.957625 0.0898314 -0.0195266 0.0138553 0.4584 -0.4584 -0.769 0.769 
4.41085 0.999988 -0.00400493 0.00277522 0.00463452 0.957618 -0.288005 -0.00150416 0.288015 0.957625 0.0798814 -0.0294404 0.0233312 0.2096 -0.2096 -1.1752 1.1752 
4.40796 0.00159965 -0.271136 -0.96254 -0.0205234 0.962329 -0.271111 0.999788 0.0201882 -0.00402523 0.0114455 -0.0119109 0.0963492 0.7316 -0.7316 -0.4852 0.4852 
4.40476 0.00117986 0.271134 0.962541 -0.0221753 -0.962298 0.271093 0.999753 -0.0216645 0.0048771 0.0174313 -0.0225965 0.106115 0.7938 -0.7938 -0.4314 0.4314 
4.398 0.00159965 -0.271136 -0.96254 -0.0205234 0.962329 -0.271111 0.999788 0.0201882 -0.00402523 0.0114959 -0.0217936 0.10614 0.4502 -0.4502 -0.7716 0.7716 
4.39357 0.999988 -0.00400493 0.00277522 0.00463452 0.957618 -0.288005 -0.00150416 0.288015 0.957625 0.0898179 -0.0193201 0.00418604 0.4572 -0.4572 -0.7712 0.7712 
4.38587 -0.999989 0.00474845 -9.6995e-05 -0.00462543 -0.969039 0.246863 0.00107822 0.24686 0.96905 -0.0902843 0.00797081 0.0146929 0.0199 -0.0199 -1.176 1.176 
4.38552 -0.999989 0.00474845 -9.6995e-05 -0.00462543 -0.969039 0.246863 0.00107822 0.24686 0.96905 -0.0902709 0.00776433 0.0243622 0.0207 -0.0207 -1.1536 1.1536 
4.3771 -0.999994 -0.00327188 -0.000755064 -0.00298422 0.969045 -0.246866 0.00153941 -0.246862 -0.969049 -0.0801497 -0.029716 0.00794032 0.2096 -0.2096 -1.187 1.187 
4.35285 0.00136416 -0.976215 0.2168 -0.095389 -0.215938 -0.971736 0.995439 -0.0193547 -0.0934148 -0.00843192 -0.00184278 0.098437 0.47 -0.47 -0.0429 0.0429 
4.34905 0.999988 -0.00400493 0.00277522 0.00463452 0.957618 -0.288005 -0.00150416 0.288015 0.957625 0.0898083 -0.0100638 0.0237312 0.7346 -0.7346 -0.4804 0.4804 
4.33621 -0.999994 -0.00327188 -0.000755064 -0.00298422 0.969045 -0.246866 0.00153941 -0.246862 -0.969049 -0.100259 -0.000784389 0.00858609 0.796 -0.796 -0.2371 0.2371 
4.334 0.00117986 0.271134 0.962541 -0.0221753 -0.962298 0.271093 0.999753 -0.0216645 0.0048771 0.00770949 -0.0127505 0.0963364 0.5044 -0.5044 -0.7116 0.7116 
4.33307 0.00117986 0.271134 0.962541 -0.0221753 -0.962298 0.271093 0.999753 -0.0216645 0.0048771 0.0077599 -0.0226333 0.106128 0.795 -0.795 -0.4338 0.4338 
4.32379 0.00117986 0.271134 0.962541 -0.0221753 -0.962298 0.271093 0.999753 -0.0216645 0.0048771 -0.00197585 -0.0125738 0.0863514 0.5044 -0.5044 -0.7154 0.7154 
4.30971 -0.998676 -0.049014 0.0156459 0.0509899 -0.983464 0.173776 0.00686972 0.174343 0.984661 -0.0989367 0.00754973 0.0310632 0.1342 -0.1342 -0.9836 0.9836 
4.30959 0.00243309 -0.216801 -0.976213 -0.0948341 0.971766 -0.21605 0.99549 0.0931039 -0.0181957 0.00758457 0.000694701 0.0986458 1.175 -1.175 -0.0259 0.0259 
4.30537 0.999988 -0.00400493 0.00277522 0.00463452 0.957618 -0.288005 -0.00150416 0.288015 0.957625 0.0897814 -0.00965085 0.00439257 0.736 -0.736 -0.4858 0.4858 
4.29272 0.999988 -0.00400493 0.00277522 0.00463452 0.957618 -0.288005 -0.00150416 0.288015 0.957625 0.0797584 -0.000226132 0.0142815 1.1298 -1.1298 -0.2381 0.2381 
4.24446 -0.000556723 -0.262793 -0.964852 -0.996518 0.0805885 -0.0213746 0.0833731 0.961481 -0.261923 -0.0216079 -0.104705 0.00687202 -0.1709 0.1709 -0.1982 0.1982 
4.24127 0.00160014 0.96224 -0.272197 0.996603 -0.0239481 -0.0788001 -0.0823433 -0.271146 -0.95901 0.00938287 0.113104 -0.0285216 0.4794 -0.4794 -0.0114 0.0114 
4.23407 0.00299034 0.976212 -0.216798 -0.095898 0.21608 0.971655 0.995387 0.0178849 0.0942629 0.010864 -0.0012879 0.0984481 0.5204 -0.5204 0.0021 -0.0021 
4.22202 -0.00134191 0.948268 -0.317467 0.0958125 -0.315885 -0.943947 -0.995398 -0.031684 -0.0904321 -0.00363356 0.0151049 -0.0807853 0.1686 -0.1686 -0.3468 0.3468 
4.19281 0.00159965 -0.271136 -0.96254 -0.0205234 0.962329 -0.271111 0.999788 0.0201882 -0.00402523 0.00182447 -0.0218304 0.106153 0.4524 -0.4524 -0.7728 0.7728 
4.16434 -0.998588 0.0504886 -0.0164968 0.0525901 0.983388 -0.173731 0.00745127 -0.174354 -0.984655 -0.110183 -0.0118502 -0.000559983 0.3452 -0.3452 -0.7064 0.7064 
4.16311 0.00570471 0.96375 -0.266748 0.0823336 0.265394 0.960618 0.996588 -0.0274423 -0.077835 -0.0177762 -0.0217923 0.0809283 -0.1988 0.1988 -0.7399 0.7399 
4.1526 0.0514126 -0.961696 0.269253 0.99413 0.0235843 -0.105588 0.0951938 0.273101 0.957264 0.024677 0.102351 0.0399017 -0.2373 0.2373 -0.7862 0.7862 
4.14871 -0.0530611 -0.962784 0.265012 -0.994045 0.0762211 0.0778808 -0.095182 -0.259302 -0.961095 0.0125973 -0.12346 -0.0115525 -0.1743 0.1743 -0.7066 0.7066 
4.14457 -0.999989 0.00474845 -9.6995e-05 -0.00462543 -0.969039 0.246863 0.00107822 0.24686 0.96905 -0.0901613 -0.0212434 0.0237426 0.796 -0.796 -0.4302 0.4302 
4.13572 0.00117986 0.271134 0.962541 -0.0221753 -0.962298 0.271093 0.999753 -0.0216645 0.0048771 0.0173583 -0.00325798 0.106528 0.2539 -0.2539 -0.7538 0.7538 
4.13571 0.00136416 -0.976215 0.2168 -0.095389 -0.215938 -0.971736 0.995439 -0.0193547 -0.0934148 -0.0106109 -0.0446791 0.104372 0.5148 -0.5148 0.0103 -0.0103 
4.12906 0.00136416 -0.976215 0.2168 -0.095389 -0.215938 -0.971736 0.995439 -0.0193547 -0.0934148 -0.0113445 -0.0586391 0.103032 0.5184 -0.5184 0.0273 -0.0273 
4.1203 0.053062 0.961619 -0.269208 0.994004 -0.0250521 0.106435 0.0956061 -0.273242 -0.957183 -0.0117471 0.11704 0.011609 -0.1704 0.1704 -0.674 0.674 
4.11511 0.999992 0.00375646 -0.00162481 -0.000893509 -0.187046 -0.982351 -0.00399407 0.982344 -0.187041 0.0901848 0.0130068 0.0241947 0.5674 -0.5674 0.4248 -0.4248 
4.10953 0.00136416 -0.976215 0.2168 -0.095389 -0.215938 -0.971736 0.995439 -0.0193547 -0.0934148 -0.00987731 -0.0307191 0.105712 0.5054 -0.5054 -0.0067 0.0067 
4.10151 -0.999989 0.00474845 -9.6995e-05 -0.00462543 -0.969039 0.246863 0.00107822 0.24686 0.96905 -0.0901882 -0.0208305 0.00440401 0.7932 -0.7932 -0.4386 0.4386 
4.05461 -0.999994 -0.00327188 -0.000755064 -0.00298422 0.969045 -0.246866 0.00153941 -0.246862 -0.969049 -0.110213 -0.019748 -0.0111525 0.3294 -0.3294 -0.7656 0.7656 
4.05445 0.00117986 0.271134 0.962541 -0.0221753 -0.962298 0.271093 0.999753 -0.0216645 0.0048771 -0.00191154 -0.0226701 0.10614 0.7962 -0.7962 -0.436 0.436 
4.05152 -0.0514136 0.962861 -0.265057 -0.994089 -0.0747533 -0.0787279 -0.0956179 0.259443 0.961013 -0.0232059 -0.103158 0.00615231 -0.1961 0.1961 -0.7732 0.7732 
4.05043 -0.999984 0.00564698 -0.000985729 0.00102977 0.346123 0.938188 0.00563911 0.938172 -0.346124 -0.0900237 0.0116447 -0.0162404 -0.4678 0.4678 -0.614 0.614 
4.04726 -0.999984 0.00564698 -0.000985729 0.00102977 0.346123 0.938188 0.00563911 0.938172 -0.346124 -0.0900131 0.0253605 -0.0173765 -0.4646 0.4646 -0.6104 0.6104 
4.04499 0.999988 -0.00400493 0.00277522 0.00463452 0.957618 -0.288005 -0.00150416 0.288015 0.957625 0.0898545 -0.0289893 0.00397951 0.2119 -0.2119 -1.1842 1.1842 
4.01073 0.999983 -0.00523301 0.00247686 -0.00145435 0.187048 0.98235 -0.00560394 -0.982337 0.187037 0.0901729 0.0281516 0.0180065 -0.2993 0.2993 -0.4346 0.4346 
3.99652 0.00192141 0.216798 0.976215 -0.0964529 -0.971625 0.215968 0.995336 -0.0945737 0.0190439 0.0073826 -0.0315162 0.0855052 0.965 -0.965 -0.2502 0.2502 
3.99254 0.999988 -0.00400493 0.00277522 0.00463452 0.957618 -0.288005 -0.00150416 0.288015 0.957625 0.0797219 0.00944311 0.014488 1.2522 -1.2522 -0.0051 0.0051 
3.97435 -0.999994 -0.00327188 -0.000755064 -0.00298422 0.969045 -0.246866 0.00153941 -0.246862 -0.969049 -0.0902957 0.00892291 0.00877953 1.2378 -1.2378 -0.0031 0.0031 
3.95519 0.999983 -0.00523301 0.00247686 -0.00145435 0.187048 0.98235 -0.00560394 -0.982337 0.187037 0.0901623 0.0144357 0.0191427 -0.3023 0.3023 -0.4377 0.4377 
3.95461 0.00136416 -0.976215 0.2168 -0.095389 -0.215938 -0.971736 0.995439 -0.0193547 -0.0934148 0.00265782 -0.0584099 0.0929775 0.1696 -0.1696 -0.3158 0.3158 
3.94723 0.00117986 0.271134 0.962541 -0.0221753 -0.962298 0.271093 0.999753 -0.0216645 0.0048771 -0.0116473 -0.0126106 0.086364 0.5027 -0.5027 -0.7164 0.7164 
3.93824 0.00299034 0.976212 -0.216798 -0.095898 0.21608 0.971655 0.995387 0.0178849 0.0942629 -0.00533909 -0.0433969 0.104484 0.1117 -0.1117 -0.3826 0.3826 
3.93645 0.00159965 -0.271136 -0.96254 -0.0205234 0.962329 -0.271111 0.999788 0.0201882 -0.00402523 0.0114229 -0.00245511 0.106553 0.7768 -0.7768 -0.2376 0.2376 
3.93102 0.00159965 -0.271136 -0.96254 -0.0205234 0.962329 -0.271111 0.999788 0.0201882 -0.00402523 -0.0175184 -0.021904 0.106178 0.4528 -0.4528 -0.771 0.771 
3.93084 -0.999994 -0.00327188 -0.000755064 -0.00298422 0.969045 -0.246866 0.00153941 -0.246862 -0.969049 -0.090163 -0.0295476 -0.0017159 0.2114 -0.2114 -1.182 1.182 
3.93075 -0.999991 -0.00417042 0.000133674 0.00131809 -0.346125 -0.938187 0.0039589 -0.938179 0.346128 -0.089982 0.0105401 -0.00727281 0.3706 -0.3706 0.2399 -0.2399 
3.92547 -0.999991 -0.00417042 0.000133674 0.00131809 -0.346125 -0.938187 0.0039589 -0.938179 0.346128 -0.0899713 0.0242559 -0.00840895 0.3674 -0.3674 0.2369 -0.2369 
3.92259 0.00117986 0.271134 0.962541 -0.0221753 -0.962298 0.271093 0.999753 -0.0216645 0.0048771 -0.0116108 -0.0222799 0.0861575 0.7954 -0.7954 -0.4398 0.4398 
3.91293 -0.999994 -0.00327188 -0.000755064 -0.00298422 0.969045 -0.246866 0.00153941 -0.246862 -0.969049 -0.0901765 -0.0293411 -0.0113852 0.2136 -0.2136 -1.1766 1.1766 
3.90605 0.00159965 -0.271136 -0.96254 -0.0205234 0.962329 -0.271111 0.999788 0.0201882 -0.00402523 -0.0272768 -0.00238881 0.0966063 0.788 -0.788 -0.2344 0.2344 
3.90122 -0.0530611 -0.962784 0.265012 -0.994045 0.0762211 0.0778808 -0.095182 -0.259302 -0.961095 0.0125667 -0.122117 -0.0255313 -0.1686 0.1686 -0.7074 0.7074 
3.89274 0.999988 -0.00400493 0.00277522 0.00463452 0.957618 -0.288005 -0.00150416 0.288015 0.957625 0.0797719 -0.000432613 0.0239508 1.123 -1.123 -0.2354 0.2354 
3.88895 0.00117986 0.271134 0.962541 -0.0221753 -0.962298 0.271093 0.999753 -0.0216645 0.0048771 0.0269793 0.00666156 0.0967242 0.0194 -0.0194 -1.145 1.145 
3.88276 -0.00134191 0.948268 -0.317467 0.0958125 -0.315885 -0.943947 -0.995398 -0.031684 -0.0904321 0.00747795 -0.0424187 -0.0762906 0.4494 -0.4494 -0.0359 0.0359 
3.8629 0.00159965 -0.271136 -0.96254 -0.0205234 0.962329 -0.271111 0.999788 0.0201882 -0.00402523 0.00175143 -0.00249191 0.106566 0.779 -0.779 -0.2387 0.2387 
3.85656 0.999988 -0.00400493 0.00277522 0.00463452 0.957618 -0.288005 -0.00150416 0.288015 0.957625 0.079745 -1.96517e-05 0.00461219 1.125 -1.125 -0.2397 0.2397 
3.85623 0.00117986 0.271134 0.962541 -0.0221753 -0.962298 0.271093 0.999753 -0.0216645 0.0048771 0.0270159 -0.00300769 0.0965176 0.2531 -0.2531 -0.7644 0.7644 
3.85573 0.998675 0.0501788 -0.01145 -0.0509492 0.932295 -0.358092 -0.0072938 0.3582 0.933616 0.110264 -0.00943383 0.000757808 0.6792 -0.6792 -0.3792 0.3792 
3.85484 0.00159965 -0.271136 -0.96254 -0.0205234 0.962329 -0.271111 0.999788 0.0201882 -0.00402523 -0.0272264 -0.0122715 0.106398 0.4956 -0.4956 -0.4824 0.4824 
3.85075 0.00159965 -0.271136 -0.96254 -0.0205234 0.962329 -0.271111 0.999788 0.0201882 -0.00402523 -0.00784697 -0.0218672 0.106166 0.4548 -0.4548 -0.7738 0.7738 
3.85067 0.999988 -0.00400493 0.00277522 0.00463452 0.957618 -0.288005 -0.00150416 0.288015 0.957625 0.0898679 -0.0291958 0.0136488 0.2134 -0.2134 -1.177 1.177 
3.84973 0.00159965 -0.271136 -0.96254 -0.0205234 0.962329 -0.271111 0.999788 0.0201882 -0.00402523 -0.00789739 -0.0119845 0.0963745 0.737 -0.737 -0.4868 0.4868 
3.82941 0.00299034 0.976212 -0.216798 -0.095898 0.21608 0.971655 0.995387 0.0178849 0.0942629 0.00939679 -0.0292078 0.0957686 0.4842 -0.4842 -0.0341 0.0341 
3.82538 -0.00117363 -0.263857 -0.964561 0.020525 -0.964365 0.263779 -0.999789 -0.019488 0.00654746 -0.0274873 -0.00904039 -0.0835873 0.5042 -0.5042 -0.486 0.486 
3.81677 0.00159965 -0.271136 -0.96254 -0.0205234 0.962329 -0.271111 0.999788 0.0201882 -0.00402523 -0.0271899 -0.0219408 0.106191 0.2507 -0.2507 -0.768 0.768 
3.78711 -0.0530611 -0.962784 0.265012 -0.994045 0.0762211 0.0778808 -0.095182 -0.259302 -0.961095 -0.0014268 -0.122732 -0.0114519 0.1622 -0.1622 -0.331 0.331 
3.78003 0.00136416 -0.976215 0.2168 -0.095389 -0.215938 -0.971736 0.995439 -0.0193547 -0.0934148 0.00561393 -0.00352651 0.108291 0.1154 -0.1154 -0.3838 0.3838 
3.77739 -0.00134191 0.948268 -0.317467 0.0958125 -0.315885 -0.943947 -0.995398 -0.031684 -0.0904321 0.00821153 -0.0284587 -0.0749509 0.4684 -0.4684 -0.0389 0.0389 
3.76919 0.00159965 -0.271136 -0.96254 -0.0205234 0.962329 -0.271111 0.999788 0.0201882 -0.00402523 -0.00792001 -0.0025287 0.106579 0.7724 -0.7724 -0.2396 0.2396 
3.73495 0.999992 0.00375646 -0.00162481 -0.000893509 -0.187046 -0.982351 -0.00399407 0.982344 -0.187041 0.0999619 -0.0178448 -0.014728 -0.5268 0.5268 -0.5578 0.5578 
3.69543 0.00117986 0.271134 0.962541 -0.0221753 -0.962298 0.271093 0.999753 -0.0216645 0.0048771 -0.011656 -0.00336838 0.106566 0.2554 -0.2554 -0.7558 0.7558 
3.69008 0.00117986 0.271134 0.962541 -0.0221753 -0.962298 0.271093 0.999753 -0.0216645 0.0048771 0.0173079 0.00662476 0.0967368 0.0202 -0.0202 -1.1498 1.1498 
3.67751 -0.999984 0.00564698 -0.000985729 0.00102977 0.346123 0.938188 0.00563911 0.938172 -0.346124 -0.0899459 0.0264966 -0.00366086 -0.1208 0.1208 -0.2482 0.2482 
3.66892 0.00136416 -0.976215 0.2168 -0.095389 -0.215938 -0.971736 0.995439 -0.0193547 -0.0934148 0.0181491 -0.0312173 0.0955564 -0.1801 0.1801 -0.7424 0.7424 
3.64837 -0.999989 0.00474845 -9.6995e-05 -0.00462543 -0.969039 0.246863 0.00107822 0.24686 0.96905 -0.110225 -0.0112373 0.00463671 0.5026 -0.5026 -0.4876 0.4876 
3.63758 0.00159965 -0.271136 -0.96254 -0.0205234 0.962329 -0.271111 0.999788 0.0201882 -0.00402523 -0.0175915 -0.0025655 0.106591 0.7766 -0.7766 -0.2387 0.2387 
3.61276 -0.00117363 -0.263857 -0.964561 0.020525 -0.964365 0.263779 -0.999789 -0.019488 0.00654746 -0.0275238 0.000628854 -0.0833808 0.2554 -0.2554 -0.7754 0.7754 
3.6056 0.00117986 0.271134 0.962541 -0.0221753 -0.962298 0.271093 0.999753 -0.0216645 0.0048771 0.00768686 -0.00329478 0.106541 0.2546 -0.2546 -0.7576 0.7576 
3.59955 -0.0030126 -0.948265 0.317465 0.0954745 0.315744 0.944029 -0.995427 0.0331538 0.0895839 -0.0102095 -0.0109945 -0.0832786 0.5194 -0.5194 -0.0162 0.0162 
3.59738 0.00192141 0.216798 0.976215 -0.0964529 -0.971625 0.215968 0.995336 -0.0945737 0.0190439 -0.00513075 -0.00478182 0.108193 0.1362 -0.1362 -0.9456 0.9456 
3.5953 0.999992 0.00375646 -0.00162481 -0.000893509 -0.187046 -0.982351 -0.00399407 0.982344 -0.187041 0.0901177 0.0118707 0.0104791 0.2114 -0.2114 0.0841 -0.0841 
3.59261 0.00117986 0.271134 0.962541 -0.0221753 -0.962298 0.271093 0.999753 -0.0216645 0.0048771 -0.0117064 0.00651436 0.0967748 0.0209 -0.0209 -1.1514 1.1514 
3.58998 0.999992 0.00375646 -0.00162481 -0.000893509 -0.187046 -0.982351 -0.00399407 0.982344 -0.187041 0.0901283 0.0255866 0.00934292 0.2084 -0.2084 0.0811 -0.0811 
3.57043 0.999995 0.00252837 -0.00192316 0.00297512 -0.957623 0.288009 -0.00111347 -0.288013 -0.957626 0.0997531 -0.000848829 0.00830668 0.2532 -0.2532 -0.7866 0.7866 
3.56826 -0.999984 0.00564698 -0.000985729 0.00102977 0.346123 0.938188 0.00563911 0.938172 -0.346124 -0.0899566 0.0127808 -0.00252472 -0.1236 0.1236 -0.2512 0.2512 
3.56811 0.00159965 -0.271136 -0.96254 -0.0205234 0.962329 -0.271111 0.999788 0.0201882 -0.00402523 -0.0175688 -0.0120213 0.0963871 0.7324 -0.7324 -0.4854 0.4854 
3.56182 0.00117986 0.271134 0.962541 -0.0221753 -0.962298 0.271093 0.999753 -0.0216645 0.0048771 -0.002035 0.00655116 0.0967621 0.0219 -0.0219 -1.1534 1.1534 
3.55339 0.00405436 -0.963757 0.266752 0.0827601 -0.265515 -0.960548 0.996561 0.0259708 0.0786841 -0.00893181 -0.0236375 0.0810378 0.4786 -0.4786 -0.0167 0.0167 
3.54318 0.00117986 0.271134 0.962541 -0.0221753 -0.962298 0.271093 0.999753 -0.0216645 0.0048771 -0.00198458 -0.00333158 0.106553 0.2559 -0.2559 -0.757 0.757 
3.52501 -0.0030126 -0.948265 0.317465 0.0954745 0.315744 0.944029 -0.995427 0.0331538 0.0895839 0.00310277 -0.0266382 -0.0747648 0.161 -0.161 -0.3382 0.3382 
3.52398 0.00136416 -0.976215 0.2168 -0.095389 -0.215938 -0.971736 0.995439 -0.0193547 -0.0934148 0.00341318 -0.0454064 0.104271 0.1608 -0.1608 -0.3298 0.3298 
3.49162 -0.0030126 -0.948265 0.317465 0.0954745 0.315744 0.944029 -0.995427 0.0331538 0.0895839 0.00383635 -0.0126782 -0.073425 0.1546 -0.1546 -0.3562 0.3562 
3.48298 -0.00134191 0.948268 -0.317467 0.0958125 -0.315885 -0.943947 -0.995398 -0.031684 -0.0904321 0.00894512 -0.0144988 -0.0736111 0.4878 -0.4878 -0.0349 0.0349 
3.47403 -0.00134191 0.948268 -0.317467 0.0958125 -0.315885 -0.943947 -0.995398 -0.031684 -0.0904321 -0.00654612 -0.0416914 -0.07619 0.0977 -0.0977 -0.382 0.382 
3.47264 0.00136416 -0.976215 0.2168 -0.095389 -0.215938 -0.971736 0.995439 -0.0193547 -0.0934148 0.00414676 -0.0314464 0.105611 0.1518 -0.1518 -0.3478 0.3478 
3.46175 0.00117986 0.271134 0.962541 -0.0221753 -0.962298 0.271093 0.999753 -0.0216645 0.0048771 0.00763645 0.00658796 0.0967495 0.0211 -0.0211 -1.1548 1.1548 
3.44318 0.00159965 -0.271136 -0.96254 -0.0205234 0.962329 -0.271111 0.999788 0.0201882 -0.00402523 -0.0273272 0.00749393 0.0868151 1.2102 -1.2102 -0.0004 0.0004 
3.43119 0.00136416 -0.976215 0.2168 -0.095389 -0.215938 -0.971736 0.995439 -0.0193547 -0.0934148 0.0166819 -0.0591372 0.092877 -0.1671 0.1671 -0.698 0.698 
3.41594 -0.00117363 -0.263857 -0.964561 0.020525 -0.964365 0.263779 -0.999789 -0.019488 0.00654746 -0.0275465 0.0100846 -0.0731766 0.0219 -0.0219 -1.196 1.196 
3.41096 -0.00134191 0.948268 -0.317467 0.0958125 -0.315885 -0.943947 -0.995398 -0.031684 -0.0904321 -0.00583431 -0.026775 -0.0848044 0.1186 -0.1186 -0.3922 0.3922 
3.40663 -0.00221429 -0.964559 0.263857 0.0211332 0.263754 0.964358 -0.999774 0.00771152 0.0198002 -0.00574994 0.0330981 -0.0827177 0.378 -0.378 -0.0989 0.0989 
3.38585 -0.00134191 0.948268 -0.317467 0.0958125 -0.315885 -0.943947 -0.995398 -0.031684 -0.0904321 -0.00510073 -0.012815 -0.0834647 0.1357 -0.1357 -0.3858 0.3858 
3.38366 0.999983 -0.00523301 0.00247686 -0.00145435 0.187048 0.98235 -0.00560394 -0.982337 0.187037 0.0900951 0.0132997 0.005427 0.0304 -0.0304 -0.0964 0.0964 
3.37208 0.00192141 0.216798 0.976215 -0.0964529 -0.971625 0.215968 0.995336 -0.0945737 0.0190439 0.00889332 -0.00550912 0.108093 0.152 -0.152 -0.9236 0.9236 
3.36279 -0.00221429 -0.964559 0.263857 0.0211332 0.263754 0.964358 -0.999774 0.00771152 0.0198002 0.0136068 0.0329582 -0.0727453 -0.0986 0.0986 -0.5934 0.5934 
3.36217 -0.00295037 0.963181 -0.268837 0.999763 0.00863897 0.0199795 0.0215663 -0.268714 -0.962978 0.0142359 0.113397 0.0108652 0.6166 -0.6166 0.1076 -0.1076 
3.35828 0.00299034 0.976212 -0.216798 -0.095898 0.21608 0.971655 0.995387 0.0178849 0.0942629 -0.0186296 -0.0287097 0.105924 -0.2083 0.2083 -0.7666 0.7666 
3.35614 -0.00295037 0.963181 -0.268837 0.999763 0.00863897 0.0199795 0.0215663 -0.268714 -0.962978 -0.00512047 0.11353 0.00122121 0.1207 -0.1207 -0.3614 0.3614 
3.35367 0.999988 -0.00400493 0.00277522 0.00463452 0.957618 -0.288005 -0.00150416 0.288015 0.957625 0.0897353 0.00927468 0.0241442 1.2248 -1.2248 -0.0012 0.0012 
3.34462 0.00117986 0.271134 0.962541 -0.0221753 -0.962298 0.271093 0.999753 -0.0216645 0.0048771 0.0270524 -0.0126769 0.0963111 0.5024 -0.5024 -0.4866 0.4866 
3.34238 -0.00221429 -0.964559 0.263857 0.0211332 0.263754 0.964358 -0.999774 0.00771152 0.0198002 0.0039354 0.0329214 -0.0727327 0.1329 -0.1329 -0.3324 0.3324 
3.32882 -0.00295037 0.963181 -0.268837 0.999763 0.00863897 0.0199795 0.0215663 -0.268714 -0.962978 0.0142224 0.113604 0.00119589 0.6196 -0.6196 0.1081 -0.1081 
3.31374 0.999983 -0.00523301 0.00247686 -0.00145435 0.187048 0.98235 -0.00560394 -0.982337 0.187037 0.0901058 0.0270155 0.00429086 0.0334 -0.0334 -0.0934 0.0934 
3.29426 -0.00221429 -0.964559 0.263857 0.0211332 0.263754 0.964358 -0.999774 0.00771152 0.0198002 -0.0154075 0.0328478 -0.0727073 0.6408 -0.6408 0.1364 -0.1364 
3.2851 -0.0514136 0.962861 -0.265057 -0.994089 -0.0747533 -0.0787279 -0.0956179 0.259443 0.961013 0.00324451 -0.133092 -0.0108897 0.4434 -0.4434 -0.0462 0.0462 
3.27988 -0.0030126 -0.948265 0.317465 0.0954745 0.315744 0.944029 -0.995427 0.0331538 0.0895839 0.0171268 -0.0273655 -0.0748653 -0.1756 0.1756 -0.7342 0.7342 
3.27549 -0.00460165 -0.963176 0.268834 0.999766 -0.0101152 -0.0191276 0.0211425 0.268683 0.962997 -0.0155959 0.113157 0.0168353 0.6418 -0.6418 0.1318 -0.1318 
3.26714 -0.0530611 -0.962784 0.265012 -0.994045 0.0762211 0.0778808 -0.095182 -0.259302 -0.961095 -0.00145737 -0.121389 -0.0254308 0.168 -0.168 -0.3302 0.3302 
3.24453 -0.00295037 0.963181 -0.268837 0.999763 0.00863897 0.0199795 0.0215663 -0.268714 -0.962978 0.014209 0.11381 -0.00847342 0.6222 -0.6222 0.1103 -0.1103 
3.23754 0.00159965 -0.271136 -0.96254 -0.0205234 0.962329 -0.271111 0.999788 0.0201882 -0.00402523 0.0113725 0.00742763 0.0967622 1.1792 -1.1792 -0.0044 0.0044 
3.23043 -0.00295037 0.963181 -0.268837 0.999763 0.00863897 0.0199795 0.0215663 -0.268714 -0.962978 -0.0147785 0.113287 0.0109032 -0.1138 0.1138 -0.6252 0.6252 
3.22663 -0.00200764 -0.317465 -0.948268 0.094812 -0.944058 0.315855 -0.995493 -0.0892731 0.0319948 -0.0218824 0.00119607 -0.0921278 1.2802 -1.2802 -0.5864 0.5864 
3.21331 -0.00460165 -0.963176 0.268834 0.999766 -0.0101152 -0.0191276 0.0211425 0.268683 0.962997 0.00376047 0.113024 0.0264792 0.1322 -0.1322 -0.3322 0.3322 
3.19621 -0.999991 -0.00417042 0.000133674 0.00131809 -0.346125 -0.938187 0.0039589 -0.938179 0.346128 -0.0899148 0.0116762 0.00644286 0.0341 -0.0341 -0.0909 0.0909 
