0.132611 -0.000825346 -0.963558 0.267498 -0.000213016 0.267499 0.963558 -1 0.000738288 -0.000426033 0.00442294 -0.00219806 -0.0900053 0.0124 -0.0124 -0.2292 0.2292 
0.132611 -0.000825346 -0.963558 0.267498 -1 0.000738288 -0.000426033 0.000213016 -0.267499 -0.963558 0.00442294 -0.0900053 0.00219806 0.0124 -0.0124 -0.2292 0.2292 
0.132611 -0.000825346 -0.963558 0.267498 0.000213016 -0.267499 -0.963558 1 -0.000738288 0.000426033 0.00442294 0.00219806 0.0900053 0.0124 -0.0124 -0.2292 0.2292 
0.132611 0.000825346 0.963558 -0.267498 -1 0.000738288 -0.000426033 -0.000213016 0.267499 0.963558 -0.00442294 -0.0900053 -0.00219806 0.0124 -0.0124 -0.2292 0.2292 
0.132611 0.000825346 0.963558 -0.267498 -0.000213016 0.267499 0.963558 1 -0.000738288 0.000426033 -0.00442294 -0.00219806 0.0900053 0.0124 -0.0124 -0.2292 0.2292 
0.132611 0.000825346 0.963558 -0.267498 1 -0.000738288 0.000426033 0.000213016 -0.267499 -0.963558 -0.00442294 0.0900053 0.00219806 0.0124 -0.0124 -0.2292 0.2292 
0.132611 -0.000825346 -0.963558 0.267498 1 -0.000738288 0.000426033 -0.000213016 0.267499 0.963558 0.00442294 0.0900053 -0.00219806 0.0124 -0.0124 -0.2292 0.2292 
0.132611 0.000825346 0.963558 -0.267498 0.000213016 -0.267499 -0.963558 -1 0.000738288 -0.000426033 -0.00442294 0.00219806 -0.0900053 0.0124 -0.0124 -0.2292 0.2292 
0.132517 -0.000825346 -0.963558 0.267498 -1 0.000738288 -0.000426033 0.000213016 -0.267499 -0.963558 0.00442294 -0.0900053 -0.00780194 0.0124 -0.0124 -0.2292 0.2292 
0.132517 -0.000825346 -0.963558 0.267498 0.000213016 -0.267499 -0.963558 1 -0.000738288 0.000426033 0.00442294 -0.00780194 0.0900053 0.0124 -0.0124 -0.2292 0.2292 
0.132517 -0.000825346 -0.963558 0.267498 1 -0.000738288 0.000426033 -0.000213016 0.267499 0.963558 0.00442294 0.0900053 0.00780194 0.0124 -0.0124 -0.2292 0.2292 
0.132517 0.000825346 0.963558 -0.267498 1 -0.000738288 0.000426033 0.000213016 -0.267499 -0.963558 -0.00442294 0.0900053 -0.00780194 0.0124 -0.0124 -0.2292 0.2292 
0.132517 0.000825346 0.963558 -0.267498 0.000213016 -0.267499 -0.963558 -1 0.000738288 -0.000426033 -0.00442294 -0.00780194 -0.0900053 0.0124 -0.0124 -0.2292 0.2292 
0.132517 0.000825346 0.963558 -0.267498 -1 0.000738288 -0.000426033 -0.000213016 0.267499 0.963558 -0.00442294 -0.0900053 0.00780194 0.0124 -0.0124 -0.2292 0.2292 
0.132517 -0.000825346 -0.963558 0.267498 -0.000213016 0.267499 0.963558 -1 0.000738288 -0.000426033 0.00442294 0.00780194 -0.0900053 0.0124 -0.0124 -0.2292 0.2292 
0.132517 0.000825346 0.963558 -0.267498 -0.000213016 0.267499 0.963558 1 -0.000738288 0.000426033 -0.00442294 0.00780194 0.0900053 0.0124 -0.0124 -0.2292 0.2292 
0.132474 1 -0.000738288 0.000426033 0.000825346 0.963558 -0.267498 -0.000213016 0.267499 0.963558 0.0900053 -0.00442294 -0.00219806 0.132 -0.132 -0.3536 0.3536 
0.132474 -1 0.000738288 -0.000426033 -0.000825346 -0.963558 0.267498 -0.000213016 0.267499 0.963558 -0.0900053 0.00442294 -0.00219806 0.132 -0.132 -0.3536 0.3536 
0.132474 1 -0.000738288 0.000426033 -0.000825346 -0.963558 0.267498 0.000213016 -0.267499 -0.963558 0.0900053 0.00442294 0.00219806 0.132 -0.132 -0.3536 0.3536 
0.132474 -0.000213016 0.267499 0.963558 0.000825346 0.963558 -0.267498 -1 0.000738288 -0.000426033 -0.00219806 -0.00442294 -0.0900053 0.132 -0.132 -0.3536 0.3536 
0.132474 0.000213016 -0.267499 -0.963558 0.000825346 0.963558 -0.267498 1 -0.000738288 0.000426033 0.00219806 -0.00442294 0.0900053 0.132 -0.132 -0.3536 0.3536 
0.132474 -0.000213016 0.267499 0.963558 -0.000825346 -0.963558 0.267498 1 -0.000738288 0.000426033 -0.00219806 0.00442294 0.0900053 0.132 -0.132 -0.3536 0.3536 
0.132474 -1 0.000738288 -0.000426033 0.000825346 0.963558 -0.267498 0.000213016 -0.267499 -0.963558 -0.0900053 -0.00442294 0.00219806 0.132 -0.132 -0.3536 0.3536 
0.132474 0.000213016 -0.267499 -0.963558 -0.000825346 -0.963558 0.267498 -1 0.000738288 -0.000426033 0.00219806 0.00442294 -0.0900053 0.132 -0.132 -0.3536 0.3536 
0.132379 0.000213016 -0.267499 -0.963558 0.000825346 0.963558 -0.267498 1 -0.000738288 0.000426033 -0.00780194 -0.00442294 0.0900053 0.132 -0.132 -0.3536 0.3536 
0.132379 1 -0.000738288 0.000426033 0.000825346 0.963558 -0.267498 -0.000213016 0.267499 0.963558 0.0900053 -0.00442294 0.00780194 0.132 -0.132 -0.3536 0.3536 
0.132379 -0.000213016 0.267499 0.963558 -0.000825346 -0.963558 0.267498 1 -0.000738288 0.000426033 0.00780194 0.00442294 0.0900053 0.132 -0.132 -0.3536 0.3536 
0.132379 -1 0.000738288 -0.000426033 -0.000825346 -0.963558 0.267498 -0.000213016 0.267499 0.963558 -0.0900053 0.00442294 0.00780194 0.132 -0.132 -0.3536 0.3536 
0.132379 -0.000213016 0.267499 0.963558 0.000825346 0.963558 -0.267498 -1 0.000738288 -0.000426033 0.00780194 -0.00442294 -0.0900053 0.132 -0.132 -0.3536 0.3536 
0.132379 1 -0.000738288 0.000426033 -0.000825346 -0.963558 0.267498 0.000213016 -0.267499 -0.963558 0.0900053 0.00442294 -0.00780194 0.132 -0.132 -0.3536 0.3536 
0.132379 0.000213016 -0.267499 -0.963558 -0.000825346 -0.963558 0.267498 -1 0.000738288 -0.000426033 -0.00780194 0.00442294 -0.0900053 0.132 -0.132 -0.3536 0.3536 
0.132379 -1 0.000738288 -0.000426033 0.000825346 0.963558 -0.267498 0.000213016 -0.267499 -0.963558 -0.0900053 -0.00442294 -0.00780194 0.132 -0.132 -0.3536 0.3536 
0.132375 -0.000825346 -0.963558 0.267498 0.000213016 -0.267499 -0.963558 1 -0.000738288 0.000426033 0.00442294 0.0121981 0.0900053 0.0124 -0.0124 -0.2292 0.2292 
0.132375 0.000825346 0.963558 -0.267498 0.000213016 -0.267499 -0.963558 -1 0.000738288 -0.000426033 -0.00442294 0.0121981 -0.0900053 0.0124 -0.0124 -0.2292 0.2292 
0.132375 0.000825346 0.963558 -0.267498 -0.000213016 0.267499 0.963558 1 -0.000738288 0.000426033 -0.00442294 -0.0121981 0.0900053 0.0124 -0.0124 -0.2292 0.2292 
0.132375 -0.000825346 -0.963558 0.267498 -0.000213016 0.267499 0.963558 -1 0.000738288 -0.000426033 0.00442294 -0.0121981 -0.0900053 0.0124 -0.0124 -0.2292 0.2292 
0.132093 -0.000825346 -0.963558 0.267498 -0.000213016 0.267499 0.963558 -1 0.000738288 -0.000426033 0.00442294 0.0178019 -0.0900053 0.0124 -0.0124 -0.2292 0.2292 
0.132093 -0.000825346 -0.963558 0.267498 0.000213016 -0.267499 -0.963558 1 -0.000738288 0.000426033 0.00442294 -0.0178019 0.0900053 0.0124 -0.0124 -0.2292 0.2292 
0.132093 0.000825346 0.963558 -0.267498 -0.000213016 0.267499 0.963558 1 -0.000738288 0.000426033 -0.00442294 0.0178019 0.0900053 0.0124 -0.0124 -0.2292 0.2292 
0.132093 0.000825346 0.963558 -0.267498 0.000213016 -0.267499 -0.963558 -1 0.000738288 -0.000426033 -0.00442294 -0.0178019 -0.0900053 0.0124 -0.0124 -0.2292 0.2292 
0.131955 0.000213016 -0.267499 -0.963558 0.000825346 0.963558 -0.267498 1 -0.000738288 0.000426033 -0.0178019 -0.00442294 0.0900053 0.132 -0.132 -0.3536 0.3536 
0.131955 0.000213016 -0.267499 -0.963558 -0.000825346 -0.963558 0.267498 -1 0.000738288 -0.000426033 -0.0178019 0.00442294 -0.0900053 0.132 -0.132 -0.3536 0.3536 
0.131955 -0.000213016 0.267499 0.963558 -0.000825346 -0.963558 0.267498 1 -0.000738288 0.000426033 0.0178019 0.00442294 0.0900053 0.132 -0.132 -0.3536 0.3536 
0.131955 -0.000213016 0.267499 0.963558 0.000825346 0.963558 -0.267498 -1 0.000738288 -0.000426033 0.0178019 -0.00442294 -0.0900053 0.132 -0.132 -0.3536 0.3536 
0.131513 -1 0.000738288 -0.000426033 0.000213016 -0.267499 -0.963558 -0.000825346 -0.963558 0.267498 -0.0900053 0.00219806 0.0144229 -0.3528 0.3528 -0.3536 0.3536 
0.131513 -1 0.000738288 -0.000426033 -0.000213016 0.267499 0.963558 0.000825346 0.963558 -0.267498 -0.0900053 -0.00219806 -0.0144229 -0.3528 0.3528 -0.3536 0.3536 
0.131513 1 -0.000738288 0.000426033 -0.000213016 0.267499 0.963558 -0.000825346 -0.963558 0.267498 0.0900053 -0.00219806 0.0144229 -0.3528 0.3528 -0.3536 0.3536 
0.131513 1 -0.000738288 0.000426033 0.000213016 -0.267499 -0.963558 0.000825346 0.963558 -0.267498 0.0900053 0.00219806 -0.0144229 -0.3528 0.3528 -0.3536 0.3536 
0.131513 0.000213016 -0.267499 -0.963558 1 -0.000738288 0.000426033 -0.000825346 -0.963558 0.267498 0.00219806 0.0900053 0.0144229 -0.3528 0.3528 -0.3536 0.3536 
0.131513 -0.000213016 0.267499 0.963558 -1 0.000738288 -0.000426033 -0.000825346 -0.963558 0.267498 -0.00219806 -0.0900053 0.0144229 -0.3528 0.3528 -0.3536 0.3536 
0.131513 -0.000213016 0.267499 0.963558 1 -0.000738288 0.000426033 0.000825346 0.963558 -0.267498 -0.00219806 0.0900053 -0.0144229 -0.3528 0.3528 -0.3536 0.3536 
0.131513 0.000213016 -0.267499 -0.963558 -1 0.000738288 -0.000426033 0.000825346 0.963558 -0.267498 0.00219806 -0.0900053 -0.0144229 -0.3528 0.3528 -0.3536 0.3536 
0.131491 -0.000213016 0.267499 0.963558 -1 0.000738288 -0.000426033 -0.000825346 -0.963558 0.267498 -0.00219806 -0.0900053 0.00442294 -0.1072 0.1072 -0.108 0.108 
0.131491 0.000213016 -0.267499 -0.963558 -1 0.000738288 -0.000426033 0.000825346 0.963558 -0.267498 0.00219806 -0.0900053 -0.00442294 -0.1072 0.1072 -0.108 0.108 
0.131491 -0.000213016 0.267499 0.963558 1 -0.000738288 0.000426033 0.000825346 0.963558 -0.267498 -0.00219806 0.0900053 -0.00442294 -0.1072 0.1072 -0.108 0.108 
0.131491 0.000213016 -0.267499 -0.963558 1 -0.000738288 0.000426033 -0.000825346 -0.963558 0.267498 0.00219806 0.0900053 0.00442294 -0.1072 0.1072 -0.108 0.108 
0.131491 1 -0.000738288 0.000426033 -0.000213016 0.267499 0.963558 -0.000825346 -0.963558 0.267498 0.0900053 -0.00219806 0.00442294 -0.1072 0.1072 -0.108 0.108 
0.131491 -1 0.000738288 -0.000426033 -0.000213016 0.267499 0.963558 0.000825346 0.963558 -0.267498 -0.0900053 -0.00219806 -0.00442294 -0.1072 0.1072 -0.108 0.108 
0.131491 1 -0.000738288 0.000426033 0.000213016 -0.267499 -0.963558 0.000825346 0.963558 -0.267498 0.0900053 0.00219806 -0.00442294 -0.1072 0.1072 -0.108 0.108 
0.131491 -1 0.000738288 -0.000426033 0.000213016 -0.267499 -0.963558 -0.000825346 -0.963558 0.267498 -0.0900053 0.00219806 0.00442294 -0.1072 0.1072 -0.108 0.108 
0.131483 -1 0.000738288 -0.000426033 0.000213016 -0.267499 -0.963558 -0.000825346 -0.963558 0.267498 -0.0900053 0.00219806 -0.0155771 0.3792 -0.3792 0.3786 -0.3786 
0.131483 0.000213016 -0.267499 -0.963558 1 -0.000738288 0.000426033 -0.000825346 -0.963558 0.267498 0.00219806 0.0900053 -0.0155771 0.3792 -0.3792 0.3786 -0.3786 
0.131483 -0.000213016 0.267499 0.963558 -1 0.000738288 -0.000426033 -0.000825346 -0.963558 0.267498 -0.00219806 -0.0900053 -0.0155771 0.3792 -0.3792 0.3786 -0.3786 
0.131483 1 -0.000738288 0.000426033 -0.000213016 0.267499 0.963558 -0.000825346 -0.963558 0.267498 0.0900053 -0.00219806 -0.0155771 0.3792 -0.3792 0.3786 -0.3786 
0.131483 -1 0.000738288 -0.000426033 -0.000213016 0.267499 0.963558 0.000825346 0.963558 -0.267498 -0.0900053 -0.00219806 0.0155771 0.3792 -0.3792 0.3786 -0.3786 
0.131483 -0.000213016 0.267499 0.963558 1 -0.000738288 0.000426033 0.000825346 0.963558 -0.267498 -0.00219806 0.0900053 0.0155771 0.3792 -0.3792 0.3786 -0.3786 
0.131483 0.000213016 -0.267499 -0.963558 -1 0.000738288 -0.000426033 0.000825346 0.963558 -0.267498 0.00219806 -0.0900053 0.0155771 0.3792 -0.3792 0.3786 -0.3786 
0.131483 1 -0.000738288 0.000426033 0.000213016 -0.267499 -0.963558 0.000825346 0.963558 -0.267498 0.0900053 0.00219806 0.0155771 0.3792 -0.3792 0.3786 -0.3786 
0.13148 -1 0.000738288 -0.000426033 -0.000213016 0.267499 0.963558 0.000825346 0.963558 -0.267498 -0.0900053 -0.00219806 0.00557706 0.132 -0.132 0.1312 -0.1312 
0.13148 0.000213016 -0.267499 -0.963558 1 -0.000738288 0.000426033 -0.000825346 -0.963558 0.267498 0.00219806 0.0900053 -0.00557706 0.132 -0.132 0.1312 -0.1312 
0.13148 0.000213016 -0.267499 -0.963558 -1 0.000738288 -0.000426033 0.000825346 0.963558 -0.267498 0.00219806 -0.0900053 0.00557706 0.132 -0.132 0.1312 -0.1312 
0.13148 1 -0.000738288 0.000426033 -0.000213016 0.267499 0.963558 -0.000825346 -0.963558 0.267498 0.0900053 -0.00219806 -0.00557706 0.132 -0.132 0.1312 -0.1312 
0.13148 -1 0.000738288 -0.000426033 0.000213016 -0.267499 -0.963558 -0.000825346 -0.963558 0.267498 -0.0900053 0.00219806 -0.00557706 0.132 -0.132 0.1312 -0.1312 
0.13148 1 -0.000738288 0.000426033 0.000213016 -0.267499 -0.963558 0.000825346 0.963558 -0.267498 0.0900053 0.00219806 0.00557706 0.132 -0.132 0.1312 -0.1312 
0.13148 -0.000213016 0.267499 0.963558 1 -0.000738288 0.000426033 0.000825346 0.963558 -0.267498 -0.00219806 0.0900053 0.00557706 0.132 -0.132 0.1312 -0.1312 
0.13148 -0.000213016 0.267499 0.963558 -1 0.000738288 -0.000426033 -0.000825346 -0.963558 0.267498 -0.00219806 -0.0900053 -0.00557706 0.132 -0.132 0.1312 -0.1312 
0.131416 1 -0.000738288 0.000426033 -0.000213016 0.267499 0.963558 -0.000825346 -0.963558 0.267498 0.0900053 0.00780194 0.0144229 -0.3528 0.3528 -0.3536 0.3536 
0.131416 -0.000213016 0.267499 0.963558 -1 0.000738288 -0.000426033 -0.000825346 -0.963558 0.267498 0.00780194 -0.0900053 0.0144229 -0.3528 0.3528 -0.3536 0.3536 
0.131416 -0.000213016 0.267499 0.963558 1 -0.000738288 0.000426033 0.000825346 0.963558 -0.267498 0.00780194 0.0900053 -0.0144229 -0.3528 0.3528 -0.3536 0.3536 
0.131416 1 -0.000738288 0.000426033 0.000213016 -0.267499 -0.963558 0.000825346 0.963558 -0.267498 0.0900053 -0.00780194 -0.0144229 -0.3528 0.3528 -0.3536 0.3536 
0.131416 0.000213016 -0.267499 -0.963558 1 -0.000738288 0.000426033 -0.000825346 -0.963558 0.267498 -0.00780194 0.0900053 0.0144229 -0.3528 0.3528 -0.3536 0.3536 
0.131416 0.000213016 -0.267499 -0.963558 -1 0.000738288 -0.000426033 0.000825346 0.963558 -0.267498 -0.00780194 -0.0900053 -0.0144229 -0.3528 0.3528 -0.3536 0.3536 
0.131416 -1 0.000738288 -0.000426033 0.000213016 -0.267499 -0.963558 -0.000825346 -0.963558 0.267498 -0.0900053 -0.00780194 0.0144229 -0.3528 0.3528 -0.3536 0.3536 
0.131416 -1 0.000738288 -0.000426033 -0.000213016 0.267499 0.963558 0.000825346 0.963558 -0.267498 -0.0900053 0.00780194 -0.0144229 -0.3528 0.3528 -0.3536 0.3536 
0.131397 -0.000213016 0.267499 0.963558 1 -0.000738288 0.000426033 0.000825346 0.963558 -0.267498 0.00780194 0.0900053 -0.00442294 -0.1072 0.1072 -0.108 0.108 
0.131397 1 -0.000738288 0.000426033 -0.000213016 0.267499 0.963558 -0.000825346 -0.963558 0.267498 0.0900053 0.00780194 0.00442294 -0.1072 0.1072 -0.108 0.108 
0.131397 -0.000213016 0.267499 0.963558 -1 0.000738288 -0.000426033 -0.000825346 -0.963558 0.267498 0.00780194 -0.0900053 0.00442294 -0.1072 0.1072 -0.108 0.108 
0.131397 -1 0.000738288 -0.000426033 0.000213016 -0.267499 -0.963558 -0.000825346 -0.963558 0.267498 -0.0900053 -0.00780194 0.00442294 -0.1072 0.1072 -0.108 0.108 
0.131397 -1 0.000738288 -0.000426033 -0.000213016 0.267499 0.963558 0.000825346 0.963558 -0.267498 -0.0900053 0.00780194 -0.00442294 -0.1072 0.1072 -0.108 0.108 
0.131397 1 -0.000738288 0.000426033 0.000213016 -0.267499 -0.963558 0.000825346 0.963558 -0.267498 0.0900053 -0.00780194 -0.00442294 -0.1072 0.1072 -0.108 0.108 
0.131397 0.000213016 -0.267499 -0.963558 -1 0.000738288 -0.000426033 0.000825346 0.963558 -0.267498 -0.00780194 -0.0900053 -0.00442294 -0.1072 0.1072 -0.108 0.108 
0.131397 0.000213016 -0.267499 -0.963558 1 -0.000738288 0.000426033 -0.000825346 -0.963558 0.267498 -0.00780194 0.0900053 0.00442294 -0.1072 0.1072 -0.108 0.108 
0.131394 -1 0.000738288 -0.000426033 -0.000213016 0.267499 0.963558 0.000825346 0.963558 -0.267498 -0.0900053 0.00780194 0.0155771 0.3792 -0.3792 0.3786 -0.3786 
0.131394 1 -0.000738288 0.000426033 -0.000213016 0.267499 0.963558 -0.000825346 -0.963558 0.267498 0.0900053 0.00780194 -0.0155771 0.3792 -0.3792 0.3786 -0.3786 
0.131394 -1 0.000738288 -0.000426033 0.000213016 -0.267499 -0.963558 -0.000825346 -0.963558 0.267498 -0.0900053 -0.00780194 -0.0155771 0.3792 -0.3792 0.3786 -0.3786 
0.131394 1 -0.000738288 0.000426033 0.000213016 -0.267499 -0.963558 0.000825346 0.963558 -0.267498 0.0900053 -0.00780194 0.0155771 0.3792 -0.3792 0.3786 -0.3786 
0.131394 -0.000213016 0.267499 0.963558 -1 0.000738288 -0.000426033 -0.000825346 -0.963558 0.267498 0.00780194 -0.0900053 -0.0155771 0.3792 -0.3792 0.3786 -0.3786 
0.131394 0.000213016 -0.267499 -0.963558 1 -0.000738288 0.000426033 -0.000825346 -0.963558 0.267498 -0.00780194 0.0900053 -0.0155771 0.3792 -0.3792 0.3786 -0.3786 
0.131394 -0.000213016 0.267499 0.963558 1 -0.000738288 0.000426033 0.000825346 0.963558 -0.267498 0.00780194 0.0900053 0.0155771 0.3792 -0.3792 0.3786 -0.3786 
0.131394 0.000213016 -0.267499 -0.963558 -1 0.000738288 -0.000426033 0.000825346 0.963558 -0.267498 -0.00780194 -0.0900053 0.0155771 0.3792 -0.3792 0.3786 -0.3786 
0.131389 0.000213016 -0.267499 -0.963558 1 -0.000738288 0.000426033 -0.000825346 -0.963558 0.267498 -0.00780194 0.0900053 -0.00557706 0.132 -0.132 0.1312 -0.1312 
0.131389 -1 0.000738288 -0.000426033 0.000213016 -0.267499 -0.963558 -0.000825346 -0.963558 0.267498 -0.0900053 -0.00780194 -0.00557706 0.132 -0.132 0.1312 -0.1312 
0.131389 -1 0.000738288 -0.000426033 -0.000213016 0.267499 0.963558 0.000825346 0.963558 -0.267498 -0.0900053 0.00780194 0.00557706 0.132 -0.132 0.1312 -0.1312 
0.131389 -0.000213016 0.267499 0.963558 -1 0.000738288 -0.000426033 -0.000825346 -0.963558 0.267498 0.00780194 -0.0900053 -0.00557706 0.132 -0.132 0.1312 -0.1312 
0.131389 0.000213016 -0.267499 -0.963558 -1 0.000738288 -0.000426033 0.000825346 0.963558 -0.267498 -0.00780194 -0.0900053 0.00557706 0.132 -0.132 0.1312 -0.1312 
0.131389 1 -0.000738288 0.000426033 0.000213016 -0.267499 -0.963558 0.000825346 0.963558 -0.267498 0.0900053 -0.00780194 0.00557706 0.132 -0.132 0.1312 -0.1312 
0.131389 1 -0.000738288 0.000426033 -0.000213016 0.267499 0.963558 -0.000825346 -0.963558 0.267498 0.0900053 0.00780194 -0.00557706 0.132 -0.132 0.1312 -0.1312 
0.131389 -0.000213016 0.267499 0.963558 1 -0.000738288 0.000426033 0.000825346 0.963558 -0.267498 0.00780194 0.0900053 0.00557706 0.132 -0.132 0.1312 -0.1312 
0.131281 1 -0.000738288 0.000426033 0.000213016 -0.267499 -0.963558 0.000825346 0.963558 -0.267498 0.0900053 0.0121981 -0.0144229 -0.3528 0.3528 -0.3536 0.3536 
0.131281 1 -0.000738288 0.000426033 -0.000213016 0.267499 0.963558 -0.000825346 -0.963558 0.267498 0.0900053 -0.0121981 0.0144229 -0.3528 0.3528 -0.3536 0.3536 
0.131281 -1 0.000738288 -0.000426033 0.000213016 -0.267499 -0.963558 -0.000825346 -0.963558 0.267498 -0.0900053 0.0121981 0.0144229 -0.3528 0.3528 -0.3536 0.3536 
0.131281 -1 0.000738288 -0.000426033 -0.000213016 0.267499 0.963558 0.000825346 0.963558 -0.267498 -0.0900053 -0.0121981 -0.0144229 -0.3528 0.3528 -0.3536 0.3536 
0.131255 1 -0.000738288 0.000426033 0.000213016 -0.267499 -0.963558 0.000825346 0.963558 -0.267498 0.0900053 0.0121981 -0.00442294 -0.1072 0.1072 -0.108 0.108 
0.131255 1 -0.000738288 0.000426033 -0.000213016 0.267499 0.963558 -0.000825346 -0.963558 0.267498 0.0900053 -0.0121981 0.00442294 -0.1072 0.1072 -0.108 0.108 
0.131255 -1 0.000738288 -0.000426033 0.000213016 -0.267499 -0.963558 -0.000825346 -0.963558 0.267498 -0.0900053 0.0121981 0.00442294 -0.1072 0.1072 -0.108 0.108 
0.131255 -1 0.000738288 -0.000426033 -0.000213016 0.267499 0.963558 0.000825346 0.963558 -0.267498 -0.0900053 -0.0121981 -0.00442294 -0.1072 0.1072 -0.108 0.108 
0.131242 1 -0.000738288 0.000426033 -0.000213016 0.267499 0.963558 -0.000825346 -0.963558 0.267498 0.0900053 -0.0121981 -0.00557706 0.132 -0.132 0.1312 -0.1312 
0.131242 1 -0.000738288 0.000426033 0.000213016 -0.267499 -0.963558 0.000825346 0.963558 -0.267498 0.0900053 0.0121981 0.00557706 0.132 -0.132 0.1312 -0.1312 
0.131242 -1 0.000738288 -0.000426033 -0.000213016 0.267499 0.963558 0.000825346 0.963558 -0.267498 -0.0900053 -0.0121981 0.00557706 0.132 -0.132 0.1312 -0.1312 
0.131242 -1 0.000738288 -0.000426033 0.000213016 -0.267499 -0.963558 -0.000825346 -0.963558 0.267498 -0.0900053 0.0121981 -0.00557706 0.132 -0.132 0.1312 -0.1312 
0.131241 1 -0.000738288 0.000426033 0.000213016 -0.267499 -0.963558 0.000825346 0.963558 -0.267498 0.0900053 0.0121981 0.0155771 0.3792 -0.3792 0.3786 -0.3786 
0.131241 1 -0.000738288 0.000426033 -0.000213016 0.267499 0.963558 -0.000825346 -0.963558 0.267498 0.0900053 -0.0121981 -0.0155771 0.3792 -0.3792 0.3786 -0.3786 
0.131241 -1 0.000738288 -0.000426033 0.000213016 -0.267499 -0.963558 -0.000825346 -0.963558 0.267498 -0.0900053 0.0121981 -0.0155771 0.3792 -0.3792 0.3786 -0.3786 
0.131241 -1 0.000738288 -0.000426033 -0.000213016 0.267499 0.963558 0.000825346 0.963558 -0.267498 -0.0900053 -0.0121981 0.0155771 0.3792 -0.3792 0.3786 -0.3786 
0.130991 -1 0.000738288 -0.000426033 0.000213016 -0.267499 -0.963558 -0.000825346 -0.963558 0.267498 -0.0900053 -0.0178019 0.0144229 -0.3528 0.3528 -0.3536 0.3536 
0.130991 1 -0.000738288 0.000426033 -0.000213016 0.267499 0.963558 -0.000825346 -0.963558 0.267498 0.0900053 0.0178019 0.0144229 -0.3528 0.3528 -0.3536 0.3536 
0.130991 1 -0.000738288 0.000426033 0.000213016 -0.267499 -0.963558 0.000825346 0.963558 -0.267498 0.0900053 -0.0178019 -0.0144229 -0.3528 0.3528 -0.3536 0.3536 
0.130991 0.000213016 -0.267499 -0.963558 -1 0.000738288 -0.000426033 0.000825346 0.963558 -0.267498 -0.0178019 -0.0900053 -0.0144229 -0.3528 0.3528 -0.3536 0.3536 
0.130991 0.000213016 -0.267499 -0.963558 1 -0.000738288 0.000426033 -0.000825346 -0.963558 0.267498 -0.0178019 0.0900053 0.0144229 -0.3528 0.3528 -0.3536 0.3536 
0.130991 -0.000213016 0.267499 0.963558 1 -0.000738288 0.000426033 0.000825346 0.963558 -0.267498 0.0178019 0.0900053 -0.0144229 -0.3528 0.3528 -0.3536 0.3536 
0.130991 -0.000213016 0.267499 0.963558 -1 0.000738288 -0.000426033 -0.000825346 -0.963558 0.267498 0.0178019 -0.0900053 0.0144229 -0.3528 0.3528 -0.3536 0.3536 
0.130991 -1 0.000738288 -0.000426033 -0.000213016 0.267499 0.963558 0.000825346 0.963558 -0.267498 -0.0900053 0.0178019 -0.0144229 -0.3528 0.3528 -0.3536 0.3536 
0.130978 -0.000213016 0.267499 0.963558 1 -0.000738288 0.000426033 0.000825346 0.963558 -0.267498 0.0178019 0.0900053 0.0155771 0.3792 -0.3792 0.3786 -0.3786 
0.130978 1 -0.000738288 0.000426033 -0.000213016 0.267499 0.963558 -0.000825346 -0.963558 0.267498 0.0900053 0.0178019 -0.0155771 0.3792 -0.3792 0.3786 -0.3786 
0.130978 1 -0.000738288 0.000426033 0.000213016 -0.267499 -0.963558 0.000825346 0.963558 -0.267498 0.0900053 -0.0178019 0.0155771 0.3792 -0.3792 0.3786 -0.3786 
0.130978 -1 0.000738288 -0.000426033 0.000213016 -0.267499 -0.963558 -0.000825346 -0.963558 0.267498 -0.0900053 -0.0178019 -0.0155771 0.3792 -0.3792 0.3786 -0.3786 
0.130978 -1 0.000738288 -0.000426033 -0.000213016 0.267499 0.963558 0.000825346 0.963558 -0.267498 -0.0900053 0.0178019 0.0155771 0.3792 -0.3792 0.3786 -0.3786 
0.130978 0.000213016 -0.267499 -0.963558 1 -0.000738288 0.000426033 -0.000825346 -0.963558 0.267498 -0.0178019 0.0900053 -0.0155771 0.3792 -0.3792 0.3786 -0.3786 
0.130978 -0.000213016 0.267499 0.963558 -1 0.000738288 -0.000426033 -0.000825346 -0.963558 0.267498 0.0178019 -0.0900053 -0.0155771 0.3792 -0.3792 0.3786 -0.3786 
0.130978 0.000213016 -0.267499 -0.963558 -1 0.000738288 -0.000426033 0.000825346 0.963558 -0.267498 -0.0178019 -0.0900053 0.0155771 0.3792 -0.3792 0.3786 -0.3786 
0.130975 -0.000213016 0.267499 0.963558 -1 0.000738288 -0.000426033 -0.000825346 -0.963558 0.267498 0.0178019 -0.0900053 0.00442294 -0.1072 0.1072 -0.108 0.108 
0.130975 0.000213016 -0.267499 -0.963558 -1 0.000738288 -0.000426033 0.000825346 0.963558 -0.267498 -0.0178019 -0.0900053 -0.00442294 -0.1072 0.1072 -0.108 0.108 
0.130975 -0.000213016 0.267499 0.963558 1 -0.000738288 0.000426033 0.000825346 0.963558 -0.267498 0.0178019 0.0900053 -0.00442294 -0.1072 0.1072 -0.108 0.108 
0.130975 0.000213016 -0.267499 -0.963558 1 -0.000738288 0.000426033 -0.000825346 -0.963558 0.267498 -0.0178019 0.0900053 0.00442294 -0.1072 0.1072 -0.108 0.108 
0.130975 1 -0.000738288 0.000426033 0.000213016 -0.267499 -0.963558 0.000825346 0.963558 -0.267498 0.0900053 -0.0178019 -0.00442294 -0.1072 0.1072 -0.108 0.108 
0.130975 -1 0.000738288 -0.000426033 0.000213016 -0.267499 -0.963558 -0.000825346 -0.963558 0.267498 -0.0900053 -0.0178019 0.00442294 -0.1072 0.1072 -0.108 0.108 
0.130975 1 -0.000738288 0.000426033 -0.000213016 0.267499 0.963558 -0.000825346 -0.963558 0.267498 0.0900053 0.0178019 0.00442294 -0.1072 0.1072 -0.108 0.108 
0.130975 -1 0.000738288 -0.000426033 -0.000213016 0.267499 0.963558 0.000825346 0.963558 -0.267498 -0.0900053 0.0178019 -0.00442294 -0.1072 0.1072 -0.108 0.108 
0.13097 1 -0.000738288 0.000426033 0.000213016 -0.267499 -0.963558 0.000825346 0.963558 -0.267498 0.0900053 -0.0178019 0.00557706 0.132 -0.132 0.1312 -0.1312 
0.13097 -1 0.000738288 -0.000426033 -0.000213016 0.267499 0.963558 0.000825346 0.963558 -0.267498 -0.0900053 0.0178019 0.00557706 0.132 -0.132 0.1312 -0.1312 
0.13097 0.000213016 -0.267499 -0.963558 -1 0.000738288 -0.000426033 0.000825346 0.963558 -0.267498 -0.0178019 -0.0900053 0.00557706 0.132 -0.132 0.1312 -0.1312 
0.13097 0.000213016 -0.267499 -0.963558 1 -0.000738288 0.000426033 -0.000825346 -0.963558 0.267498 -0.0178019 0.0900053 -0.00557706 0.132 -0.132 0.1312 -0.1312 
0.13097 -1 0.000738288 -0.000426033 0.000213016 -0.267499 -0.963558 -0.000825346 -0.963558 0.267498 -0.0900053 -0.0178019 -0.00557706 0.132 -0.132 0.1312 -0.1312 
0.13097 -0.000213016 0.267499 0.963558 -1 0.000738288 -0.000426033 -0.000825346 -0.963558 0.267498 0.0178019 -0.0900053 -0.00557706 0.132 -0.132 0.1312 -0.1312 
0.13097 -0.000213016 0.267499 0.963558 1 -0.000738288 0.000426033 0.000825346 0.963558 -0.267498 0.0178019 0.0900053 0.00557706 0.132 -0.132 0.1312 -0.1312 
0.13097 1 -0.000738288 0.000426033 -0.000213016 0.267499 0.963558 -0.000825346 -0.963558 0.267498 0.0900053 0.0178019 -0.00557706 0.132 -0.132 0.1312 -0.1312 
0.130497 0.000825346 0.963558 -0.267498 1 -0.000738288 0.000426033 0.000213016 -0.267499 -0.963558 0.00557706 0.0900053 0.00219806 0.2536 -0.2536 0.0116 -0.0116 
0.130497 0.000825346 0.963558 -0.267498 0.000213016 -0.267499 -0.963558 -1 0.000738288 -0.000426033 0.00557706 0.00219806 -0.0900053 0.2536 -0.2536 0.0116 -0.0116 
0.130497 -0.000825346 -0.963558 0.267498 1 -0.000738288 0.000426033 -0.000213016 0.267499 0.963558 -0.00557706 0.0900053 -0.00219806 0.2536 -0.2536 0.0116 -0.0116 
0.130497 0.000825346 0.963558 -0.267498 -1 0.000738288 -0.000426033 -0.000213016 0.267499 0.963558 0.00557706 -0.0900053 -0.00219806 0.2536 -0.2536 0.0116 -0.0116 
0.130497 -0.000825346 -0.963558 0.267498 0.000213016 -0.267499 -0.963558 1 -0.000738288 0.000426033 -0.00557706 0.00219806 0.0900053 0.2536 -0.2536 0.0116 -0.0116 
0.130497 -0.000825346 -0.963558 0.267498 -0.000213016 0.267499 0.963558 -1 0.000738288 -0.000426033 -0.00557706 -0.00219806 -0.0900053 0.2536 -0.2536 0.0116 -0.0116 
0.130497 0.000825346 0.963558 -0.267498 -0.000213016 0.267499 0.963558 1 -0.000738288 0.000426033 0.00557706 -0.00219806 0.0900053 0.2536 -0.2536 0.0116 -0.0116 
0.130497 -0.000825346 -0.963558 0.267498 -1 0.000738288 -0.000426033 0.000213016 -0.267499 -0.963558 -0.00557706 -0.0900053 0.00219806 0.2536 -0.2536 0.0116 -0.0116 
0.130406 0.000825346 0.963558 -0.267498 0.000213016 -0.267499 -0.963558 -1 0.000738288 -0.000426033 0.00557706 -0.00780194 -0.0900053 0.2536 -0.2536 0.0116 -0.0116 
0.130406 0.000825346 0.963558 -0.267498 1 -0.000738288 0.000426033 0.000213016 -0.267499 -0.963558 0.00557706 0.0900053 -0.00780194 0.2536 -0.2536 0.0116 -0.0116 
0.130406 -0.000825346 -0.963558 0.267498 -1 0.000738288 -0.000426033 0.000213016 -0.267499 -0.963558 -0.00557706 -0.0900053 -0.00780194 0.2536 -0.2536 0.0116 -0.0116 
0.130406 -0.000825346 -0.963558 0.267498 -0.000213016 0.267499 0.963558 -1 0.000738288 -0.000426033 -0.00557706 0.00780194 -0.0900053 0.2536 -0.2536 0.0116 -0.0116 
0.130406 0.000825346 0.963558 -0.267498 -1 0.000738288 -0.000426033 -0.000213016 0.267499 0.963558 0.00557706 -0.0900053 0.00780194 0.2536 -0.2536 0.0116 -0.0116 
0.130406 0.000825346 0.963558 -0.267498 -0.000213016 0.267499 0.963558 1 -0.000738288 0.000426033 0.00557706 0.00780194 0.0900053 0.2536 -0.2536 0.0116 -0.0116 
0.130406 -0.000825346 -0.963558 0.267498 1 -0.000738288 0.000426033 -0.000213016 0.267499 0.963558 -0.00557706 0.0900053 0.00780194 0.2536 -0.2536 0.0116 -0.0116 
0.130406 -0.000825346 -0.963558 0.267498 0.000213016 -0.267499 -0.963558 1 -0.000738288 0.000426033 -0.00557706 -0.00780194 0.0900053 0.2536 -0.2536 0.0116 -0.0116 
0.130261 -0.000825346 -0.963558 0.267498 -0.000213016 0.267499 0.963558 -1 0.000738288 -0.000426033 -0.00557706 -0.0121981 -0.0900053 0.2536 -0.2536 0.0116 -0.0116 
0.130261 0.000825346 0.963558 -0.267498 -0.000213016 0.267499 0.963558 1 -0.000738288 0.000426033 0.00557706 -0.0121981 0.0900053 0.2536 -0.2536 0.0116 -0.0116 
0.130261 0.000825346 0.963558 -0.267498 0.000213016 -0.267499 -0.963558 -1 0.000738288 -0.000426033 0.00557706 0.0121981 -0.0900053 0.2536 -0.2536 0.0116 -0.0116 
0.130261 -0.000825346 -0.963558 0.267498 0.000213016 -0.267499 -0.963558 1 -0.000738288 0.000426033 -0.00557706 0.0121981 0.0900053 0.2536 -0.2536 0.0116 -0.0116 
0.12999 0.000825346 0.963558 -0.267498 0.000213016 -0.267499 -0.963558 -1 0.000738288 -0.000426033 0.00557706 -0.0178019 -0.0900053 0.2536 -0.2536 0.0116 -0.0116 
0.12999 0.000825346 0.963558 -0.267498 -0.000213016 0.267499 0.963558 1 -0.000738288 0.000426033 0.00557706 0.0178019 0.0900053 0.2536 -0.2536 0.0116 -0.0116 
0.12999 -0.000825346 -0.963558 0.267498 0.000213016 -0.267499 -0.963558 1 -0.000738288 0.000426033 -0.00557706 -0.0178019 0.0900053 0.2536 -0.2536 0.0116 -0.0116 
0.12999 -0.000825346 -0.963558 0.267498 -0.000213016 0.267499 0.963558 -1 0.000738288 -0.000426033 -0.00557706 0.0178019 -0.0900053 0.2536 -0.2536 0.0116 -0.0116 
0.129417 0.000213016 -0.267499 -0.963558 -0.000825346 -0.963558 0.267498 -1 0.000738288 -0.000426033 0.00219806 -0.00557706 -0.0900053 0.3792 -0.3792 -0.108 0.108 
0.129417 0.000213016 -0.267499 -0.963558 0.000825346 0.963558 -0.267498 1 -0.000738288 0.000426033 0.00219806 0.00557706 0.0900053 0.3792 -0.3792 -0.108 0.108 
0.129417 -0.000213016 0.267499 0.963558 0.000825346 0.963558 -0.267498 -1 0.000738288 -0.000426033 -0.00219806 0.00557706 -0.0900053 0.3792 -0.3792 -0.108 0.108 
0.129417 -0.000213016 0.267499 0.963558 -0.000825346 -0.963558 0.267498 1 -0.000738288 0.000426033 -0.00219806 -0.00557706 0.0900053 0.3792 -0.3792 -0.108 0.108 
0.129417 -1 0.000738288 -0.000426033 -0.000825346 -0.963558 0.267498 -0.000213016 0.267499 0.963558 -0.0900053 -0.00557706 -0.00219806 0.3792 -0.3792 -0.108 0.108 
0.129417 1 -0.000738288 0.000426033 0.000825346 0.963558 -0.267498 -0.000213016 0.267499 0.963558 0.0900053 0.00557706 -0.00219806 0.3792 -0.3792 -0.108 0.108 
0.129417 -1 0.000738288 -0.000426033 0.000825346 0.963558 -0.267498 0.000213016 -0.267499 -0.963558 -0.0900053 0.00557706 0.00219806 0.3792 -0.3792 -0.108 0.108 
0.129417 1 -0.000738288 0.000426033 -0.000825346 -0.963558 0.267498 0.000213016 -0.267499 -0.963558 0.0900053 -0.00557706 0.00219806 0.3792 -0.3792 -0.108 0.108 
0.129327 -0.000213016 0.267499 0.963558 -0.000825346 -0.963558 0.267498 1 -0.000738288 0.000426033 0.00780194 -0.00557706 0.0900053 0.3792 -0.3792 -0.108 0.108 
0.129327 -1 0.000738288 -0.000426033 -0.000825346 -0.963558 0.267498 -0.000213016 0.267499 0.963558 -0.0900053 -0.00557706 0.00780194 0.3792 -0.3792 -0.108 0.108 
0.129327 -0.000213016 0.267499 0.963558 0.000825346 0.963558 -0.267498 -1 0.000738288 -0.000426033 0.00780194 0.00557706 -0.0900053 0.3792 -0.3792 -0.108 0.108 
0.129327 0.000213016 -0.267499 -0.963558 0.000825346 0.963558 -0.267498 1 -0.000738288 0.000426033 -0.00780194 0.00557706 0.0900053 0.3792 -0.3792 -0.108 0.108 
0.129327 1 -0.000738288 0.000426033 -0.000825346 -0.963558 0.267498 0.000213016 -0.267499 -0.963558 0.0900053 -0.00557706 -0.00780194 0.3792 -0.3792 -0.108 0.108 
0.129327 0.000213016 -0.267499 -0.963558 -0.000825346 -0.963558 0.267498 -1 0.000738288 -0.000426033 -0.00780194 -0.00557706 -0.0900053 0.3792 -0.3792 -0.108 0.108 
0.129327 1 -0.000738288 0.000426033 0.000825346 0.963558 -0.267498 -0.000213016 0.267499 0.963558 0.0900053 0.00557706 0.00780194 0.3792 -0.3792 -0.108 0.108 
0.129327 -1 0.000738288 -0.000426033 0.000825346 0.963558 -0.267498 0.000213016 -0.267499 -0.963558 -0.0900053 0.00557706 -0.00780194 0.3792 -0.3792 -0.108 0.108 
0.128914 -0.000213016 0.267499 0.963558 0.000825346 0.963558 -0.267498 -1 0.000738288 -0.000426033 0.0178019 0.00557706 -0.0900053 0.3792 -0.3792 -0.108 0.108 
0.128914 -0.000213016 0.267499 0.963558 -0.000825346 -0.963558 0.267498 1 -0.000738288 0.000426033 0.0178019 -0.00557706 0.0900053 0.3792 -0.3792 -0.108 0.108 
0.128914 0.000213016 -0.267499 -0.963558 0.000825346 0.963558 -0.267498 1 -0.000738288 0.000426033 -0.0178019 0.00557706 0.0900053 0.3792 -0.3792 -0.108 0.108 
0.128914 0.000213016 -0.267499 -0.963558 -0.000825346 -0.963558 0.267498 -1 0.000738288 -0.000426033 -0.0178019 -0.00557706 -0.0900053 0.3792 -0.3792 -0.108 0.108 
0.126703 0.000825346 0.963558 -0.267498 -1 0.000738288 -0.000426033 -0.000213016 0.267499 0.963558 0.00557706 -0.0700053 0.0178019 0.228 -0.228 0.1322 -0.1322 
0.126703 -0.000825346 -0.963558 0.267498 -1 0.000738288 -0.000426033 0.000213016 -0.267499 -0.963558 -0.00557706 -0.0700053 -0.0178019 0.228 -0.228 0.1322 -0.1322 
0.126703 -0.000825346 -0.963558 0.267498 1 -0.000738288 0.000426033 -0.000213016 0.267499 0.963558 -0.00557706 0.0700053 0.0178019 0.228 -0.228 0.1322 -0.1322 
0.0392635 -1 0.000738288 -0.000426033 -0.000825346 -0.963558 0.267498 -0.000213016 0.267499 0.963558 -0.0800053 0.00442294 0.0178019 0.0156 -0.0156 -0.2284 0.2284 
0.0339784 1 -0.000738288 0.000426033 0.000825346 0.963558 -0.267498 -0.000213016 0.267499 0.963558 0.0900053 -0.00442294 0.0178019 0.0156 -0.0156 -0.2284 0.2284 
0.0339784 1 -0.000738288 0.000426033 -0.000825346 -0.963558 0.267498 0.000213016 -0.267499 -0.963558 0.0900053 0.00442294 -0.0178019 0.0156 -0.0156 -0.2284 0.2284 
0.0339784 -1 0.000738288 -0.000426033 0.000825346 0.963558 -0.267498 0.000213016 -0.267499 -0.963558 -0.0900053 -0.00442294 -0.0178019 0.0156 -0.0156 -0.2284 0.2284 
0.0287945 0.000825346 0.963558 -0.267498 -1 0.000738288 -0.000426033 -0.000213016 0.267499 0.963558 -0.00442294 -0.0700053 0.0178019 -0.1038 0.1038 -0.15 0.15 
0.0287945 -0.000825346 -0.963558 0.267498 -1 0.000738288 -0.000426033 0.000213016 -0.267499 -0.963558 0.00442294 -0.0700053 -0.0178019 -0.1038 0.1038 -0.15 0.15 
0.0287945 -0.000825346 -0.963558 0.267498 1 -0.000738288 0.000426033 -0.000213016 0.267499 0.963558 0.00442294 0.0700053 0.0178019 -0.1038 0.1038 -0.15 0.15 
0.028711 -0.000825346 -0.963558 0.267498 0.000213016 -0.267499 -0.963558 1 -0.000738288 0.000426033 0.00442294 -0.0278019 0.0800053 -0.1038 0.1038 -0.1072 0.1072 
0.0241078 -1 0.000738288 -0.000426033 -0.000825346 -0.963558 0.267498 -0.000213016 0.267499 0.963558 -0.0800053 -0.00557706 0.0178019 0.2916 -0.2916 0.0122 -0.0122 
0.0131479 -0.000825346 -0.963558 0.267498 0.000213016 -0.267499 -0.963558 1 -0.000738288 0.000426033 -0.00557706 -0.0278019 0.0800053 0.1352 -0.1352 0.1322 -0.1322 
0.0103836 -0.000825346 -0.963558 0.267498 0.000213016 -0.267499 -0.963558 1 -0.000738288 0.000426033 -0.0155771 -0.0278019 0.100005 0.382 -0.382 0.3796 -0.3796 
0.0103829 0.000825346 0.963558 -0.267498 -1 0.000738288 -0.000426033 -0.000213016 0.267499 0.963558 0.0155771 -0.110005 0.0178019 0.382 -0.382 0.3796 -0.3796 
