0.121066 0.0504465 0.963831 -0.261697 0.998727 -0.0485872 0.0135746 0.000368532 -0.262049 -0.965055 0.0540716 0.134834 0.00205305 -0.1536 0.1536 -0.3976 0.3976 
0.119959 0.049406 0.261682 0.963889 0.998778 -0.0138865 -0.0474243 0.000974983 0.965054 -0.262048 0.0852447 0.11326 0.00561111 -0.1062 0.1062 0.3702 -0.3702 
0.119722 0.0488003 -0.963904 0.261739 0.998809 0.0471125 -0.0127236 -6.68235e-005 0.262048 0.965055 0.0629313 0.134394 -0.002293 0.1752 -0.1752 -0.0624 0.0624 
0.118253 0.0504465 0.963831 -0.261697 0.998727 -0.0485872 0.0135746 0.000368532 -0.262049 -0.965055 0.0640592 0.134338 0.00210956 0.0856 -0.0856 -0.1524 0.1524 
0.117562 0.0488003 -0.963904 0.261739 0.998809 0.0471125 -0.0127236 -6.68235e-005 0.262048 0.965055 0.05344 0.144878 -0.00234802 0.3944 -0.3944 0.1646 -0.1646 
0.115493 0.998746 0.0179833 0.0467285 -0.0498363 0.267081 0.962385 0.00482656 -0.963506 0.267642 0.155327 0.0675239 -0.00514111 -0.0072 0.0072 0.2786 -0.2786 
0.0923948 0.998746 0.0179833 0.0467285 -0.0498363 0.267081 0.962385 0.00482656 -0.963506 0.267642 0.163329 0.0270769 -0.00509063 -0.1062 0.1062 0.3772 -0.3772 
0.089379 0.998758 -0.019458 -0.0458775 -0.0494106 -0.267007 -0.962427 0.00647729 0.963498 -0.267637 0.163981 0.0414567 0.00606549 -0.1092 0.1092 0.3748 -0.3748 
0.0879118 0.998746 0.0179833 0.0467285 -0.0498363 0.267081 0.962385 0.00482656 -0.963506 0.267642 0.155214 0.0675265 0.0148586 -0.5286 0.5286 -0.2024 0.2024 
0.0869285 -0.0498315 0.272648 0.960823 -0.998757 -0.0126619 -0.0482059 -0.000977391 -0.962031 0.27294 0.076262 -0.0665281 0.0144297 -0.6236 0.6236 -0.1076 0.1076 
0.0868431 0.049406 0.261682 0.963889 0.998778 -0.0138865 -0.0474243 0.000974983 0.965054 -0.262048 0.0757534 0.123744 0.0055561 -0.1086 0.1086 0.3712 -0.3712 
0.0868429 -0.0498315 0.272648 0.960823 -0.998757 -0.0126619 -0.0482059 -0.000977391 -0.962031 0.27294 0.0668837 -0.0560467 -0.005625 -0.1082 0.1082 0.3702 -0.3702 
0.0868429 -0.0498315 0.272648 0.960823 -0.998757 -0.0126619 -0.0482059 -0.000977391 -0.962031 0.27294 0.0669403 -0.056048 -0.0156248 0.1312 -0.1312 0.6332 -0.6332 
0.0868426 -0.0498315 0.272648 0.960823 -0.998757 -0.0126619 -0.0482059 -0.000977391 -0.962031 0.27294 0.0668272 -0.0560454 0.00437484 -0.3476 0.3476 0.1296 -0.1296 
0.0868426 0.049406 0.261682 0.963889 0.998778 -0.0138865 -0.0474243 0.000974983 0.965054 -0.262048 0.0853578 0.113257 -0.0143886 -0.5962 0.5962 -0.1128 0.1128 
0.0868423 0.049406 0.261682 0.963889 0.998778 -0.0138865 -0.0474243 0.000974983 0.965054 -0.262048 0.07581 0.123742 -0.00444374 -0.3502 0.3502 0.1296 -0.1296 
0.0868417 -0.0498315 0.272648 0.960823 -0.998757 -0.0126619 -0.0482059 -0.000977391 -0.962031 0.27294 0.0667707 -0.0560441 0.0143747 -0.6012 0.6012 -0.1096 0.1096 
0.0832534 0.049406 0.261682 0.963889 0.998778 -0.0138865 -0.0474243 0.000974983 0.965054 -0.262048 0.0756969 0.123745 0.0155559 0.1308 -0.1308 0.6326 -0.6326 
0.0831685 0.0498408 -0.261755 -0.963847 0.998757 0.0124118 0.0482754 -0.000673275 -0.965055 0.262048 0.0716518 0.153985 0.00437485 -0.3582 0.3582 0.1392 -0.1392 
0.0798904 0.049406 0.261682 0.963889 0.998778 -0.0138865 -0.0474243 0.000974983 0.965054 -0.262048 0.08679 0.143221 -0.00438421 -0.3552 0.3552 0.1342 -0.1342 
0.0750425 0.0488003 -0.963904 0.261739 0.998809 0.0471125 -0.0127236 -6.68235e-005 0.262048 0.965055 0.0739113 0.153873 -0.00223347 -0.1346 0.1346 -0.3332 0.3332 
0.0724318 0.0504465 0.963831 -0.261697 0.998727 -0.0485872 0.0135746 0.000368532 -0.262049 -0.965055 0.0750391 0.153817 0.0021691 0.3588 -0.3588 0.1588 -0.1588 
0.061795 0.049406 0.261682 0.963889 0.998778 -0.0138865 -0.0474243 0.000974983 0.965054 -0.262048 0.0758665 0.123741 -0.0144436 -0.6046 0.6046 -0.1096 0.1096 
0.0583763 0.998758 -0.019458 -0.0458775 -0.0494106 -0.267007 -0.962427 0.00647729 0.963498 -0.267637 0.164037 0.0414554 -0.00393435 -0.3552 0.3552 0.1278 -0.1278 
0.0570287 0.998758 -0.019458 -0.0458775 -0.0494106 -0.267007 -0.962427 0.00647729 0.963498 -0.267637 0.162052 0.00150472 -0.00394039 -0.2376 0.2376 0.0212 -0.0212 
0.0560896 0.998746 0.0179833 0.0467285 -0.0498363 0.267081 0.962385 0.00482656 -0.963506 0.267642 0.163826 0.0370646 -0.00508912 -0.1042 0.1042 0.3796 -0.3796 
0.0304535 0.998758 -0.019458 -0.0458775 -0.0494106 -0.267007 -0.962427 0.00647729 0.963498 -0.267637 0.161996 0.00150602 0.00605945 0.0008 -0.0008 0.2612 -0.2612 
