8.54952 0.421555 0.747616 0.513188 0.0532984 -0.585381 0.809005 0.905235 -0.313688 -0.286617 0.0251375 -0.00310824 0.0954415 -0.365892 0 0 -0.474591 0 0 0.126083 
8.39861 0.421555 0.747616 0.513188 0.0532984 -0.585381 0.809005 0.905235 -0.313688 -0.286617 0.0281986 -0.00477479 0.108969 -0.520668 0 0 -0.589992 0 0 -0.122104 
8.33792 0.556602 -0.417685 0.718146 0.594672 0.803941 0.00668062 -0.580137 0.423343 0.695861 0.0332126 0.0563944 -0.0955316 -0.130272 0 0 -0.158337 0 0 0.419299 
8.26614 0.785422 0.618219 0.0302794 0.483115 -0.64289 0.594384 0.386926 -0.452214 -0.803611 0.0864751 0.0365733 0.0764208 -0.542868 0 0 -0.253213 0 0 0.114983 
8.24457 0.556602 -0.417685 0.718146 0.594672 0.803941 0.00668062 -0.580137 0.423343 0.695861 0.0407698 0.0624637 -0.0966196 -0.342644 0 0 -0.366311 0 0 0.118124 
8.16676 0.785422 0.618219 0.0302794 0.483115 -0.64289 0.594384 0.386926 -0.452214 -0.803611 0.0807271 0.0441306 0.0786526 -0.328611 0 0 -0.368405 0 0 0.118124 
7.95024 -0.0204845 -0.360207 0.932647 0.268803 0.896511 0.352154 -0.962977 0.257913 0.0784604 -0.0188403 0.017185 -0.0968232 -0.371547 0 0 -0.443803 0 0 0.118543 
7.88083 0.785422 0.618219 0.0302794 0.483115 -0.64289 0.594384 0.386926 -0.452214 -0.803611 0.0731699 0.0380613 0.0797406 -0.120219 0 0 -0.165248 0 0 0.421812 
7.77893 -0.0204845 -0.360207 0.932647 0.268803 0.896511 0.352154 -0.962977 0.257913 0.0784604 -0.0221714 0.0186347 -0.110312 -0.523391 0 0 -0.569048 0 0 -0.124198 
7.5424 0.556602 -0.417685 0.718146 0.594672 0.803941 0.00668062 -0.580137 0.423343 0.695861 0.0412487 0.0477217 -0.0880928 -0.00816816 0 0 -0.567792 0 0 0.624969 
7.22957 0.556602 -0.417685 0.718146 0.594672 0.803941 0.00668062 -0.580137 0.423343 0.695861 0.0483271 0.068533 -0.0977076 -0.54601 0 0 -0.560043 0 0 -0.122104 
7.13339 0.785422 0.618219 0.0302794 0.483115 -0.64289 0.594384 0.386926 -0.452214 -0.803611 0.0749792 0.0516879 0.0808843 -0.236458 0 0 -0.539727 0 0 0.110375 
6.71124 0.556602 -0.417685 0.718146 0.594672 0.803941 0.00668062 -0.580137 0.423343 0.695861 0.0350218 0.070021 -0.0943879 -0.535538 0 0 -0.249024 0 0 0.115611 
6.5694 0.189256 0.365957 -0.911184 0.407736 -0.87346 -0.266118 -0.893271 -0.321158 -0.314522 0.0622432 0.0736388 -0.0688755 -0.243788 0 0 -0.229127 0 0 0.120847 
6.09966 0.421555 0.747616 0.513188 0.0532984 -0.585381 0.809005 0.905235 -0.313688 -0.286617 0.0270247 -0.0158543 0.100837 -0.624969 0 0 -0.248605 0 0 0.118124 
5.98509 0.785422 0.618219 0.0302794 0.483115 -0.64289 0.594384 0.386926 -0.452214 -0.803611 0.0882844 0.0501999 0.0775646 -0.531349 0 0 -0.558995 0 0 -0.124407 
5.98424 -0.689197 0.678348 0.254661 -0.629934 -0.734621 0.252022 0.358038 0.0132734 0.933613 -0.0810661 -0.0568321 0.00383187 -0.616591 0 0 -0.622456 0 0 -0.293425 
5.79691 0.189256 0.365957 -0.911184 0.407736 -0.87346 -0.266118 -0.893271 -0.321158 -0.314522 0.0657594 0.0671695 -0.0805396 -0.482131 0 0 -0.513337 0 0 -0.198759 
5.75759 0.421555 0.747616 0.513188 0.0532984 -0.585381 0.809005 0.905235 -0.313688 -0.286617 0.0143548 -0.0118194 0.0971681 -0.0689058 0 0 -0.116658 0 0 0.42244 
5.71261 0.762114 0.541505 0.354902 -0.341844 0.802072 -0.489718 -0.549841 0.2519 0.79638 0.0738214 -0.0494019 -0.0931315 -0.59104 0 0 -0.244416 0 0 0.125455 
5.61113 -0.421551 0.390863 -0.818243 -0.0533039 -0.911456 -0.407929 -0.905237 -0.128347 0.40506 0.00609402 0.0422339 -0.107145 -0.212791 0 0 -0.199387 0 0 0.129643 
5.46487 0.585569 -0.713301 -0.385111 0.214531 0.594506 -0.774944 0.78172 0.371165 0.501149 0.0875004 0.0649337 0.0579996 -0.48255 0 0 -0.507683 0 0 -0.199177 
5.36174 -0.0204845 -0.360207 0.932647 0.268803 0.896511 0.352154 -0.962977 0.257913 0.0784604 -0.0297028 0.00851271 -0.0954336 -0.0668114 0 0 -0.0996934 0 0 0.415529 
5.23594 -0.807642 -0.574538 0.132742 -0.572186 0.817991 0.0591032 -0.142539 -0.0282188 -0.989387 -0.0634538 -0.0644234 0.0219921 -0.432703 0 0 -0.390396 0 0 -0.0959235 
5.17729 0.189256 0.365957 -0.911184 0.407736 -0.87346 -0.266118 -0.893271 -0.321158 -0.314522 0.0600114 0.0747268 -0.0783078 -0.508101 0 0 -0.48988 0 0 -0.203785 
5.12465 -0.785418 0.52026 -0.335333 -0.483121 -0.853948 -0.193308 -0.386927 0.010179 0.922054 -0.0684709 -0.0223323 -0.0805536 -0.613031 0 0 -0.607795 0 0 -0.290703 
5.0976 0.0204803 -0.778272 -0.627593 -0.268798 0.600327 -0.75323 0.962979 0.184122 -0.196903 0.0547315 0.00554948 0.089438 -0.239599 0 0 -0.161059 0 0 0.227033 
5.00485 0.0204803 -0.778272 -0.627593 -0.268798 0.600327 -0.75323 0.962979 0.184122 -0.196903 0.0432355 0.020664 0.0939015 -0.184098 0 0 -0.237505 0 0 0.178443 
4.99534 0.807638 -0.563941 0.172312 0.572192 0.678846 -0.460179 0.14254 0.470254 0.870944 0.0885622 0.0784467 -0.0276507 -0.317092 0 0 -0.312903 0 0 0.126083 
4.99082 0.235262 0.933834 -0.269455 0.613793 0.0722101 0.786158 0.753598 -0.350342 -0.556193 0.0104819 0.0555777 0.108483 -0.440243 0 0 -0.219703 0 0 0.118124 
4.77352 -0.421551 0.390863 -0.818243 -0.0533039 -0.911456 -0.407929 -0.905237 -0.128347 0.40506 -0.000827859 0.0387116 -0.113046 -0.420765 0 0 -0.40757 0 0 -0.10849 
4.71816 0.585569 -0.713301 -0.385111 0.214531 0.594506 -0.774944 0.78172 0.371165 0.501149 0.0932484 0.0573764 0.0557679 -0.503494 0 0 -0.488205 0 0 -0.201272 
4.70783 0.189256 0.365957 -0.911184 0.407736 -0.87346 -0.266118 -0.893271 -0.321158 -0.314522 0.0542634 0.0822841 -0.076076 -0.51606 0 0 -0.451762 0 0 -0.167133 
4.69068 0.189256 0.365957 -0.911184 0.407736 -0.87346 -0.266118 -0.893271 -0.321158 -0.314522 0.0655279 0.0820374 -0.0888556 -0.624969 0 0 -0.610727 0 0 -0.289237 
4.65585 0.689201 0.460131 -0.559715 0.629928 -0.762216 0.149053 -0.35804 -0.455308 -0.81517 0.0938086 0.0770358 0.000919675 -0.305992 0 0 -0.308086 0 0 0.118752 
4.64327 -0.556607 -0.720794 -0.413092 -0.594667 0.692897 -0.407756 0.580138 0.018692 -0.814303 -0.0106267 -0.032172 0.0914661 -0.20567 0 0 -0.200434 0 0 0.133413 
4.60396 0.0204803 -0.778272 -0.627593 -0.268798 0.600327 -0.75323 0.962979 0.184122 -0.196903 0.0485489 0.00659608 0.112597 -0.61345 0 0 -0.605491 0 0 -0.285048 
4.60027 -0.785418 0.52026 -0.335333 -0.483121 -0.853948 -0.193308 -0.386927 0.010179 0.922054 -0.0609137 -0.016263 -0.0816416 -0.415948 0 0 -0.40778 0 0 -0.110794 
4.5916 0.585569 -0.713301 -0.385111 0.214531 0.594506 -0.774944 0.78172 0.371165 0.501149 0.0989964 0.0498192 0.0535361 -0.509358 0 0 -0.456998 0 0 -0.173626 
4.56815 -0.807642 -0.574538 0.132742 -0.572186 0.817991 0.0591032 -0.142539 -0.0282188 -0.989387 -0.0761237 -0.0603884 0.0183236 -0.619733 0 0 -0.625388 0 0 -0.296986 
4.55581 -0.189252 0.772522 0.60613 -0.407742 -0.623377 0.667194 0.89327 -0.120877 0.432965 -0.0348724 -0.0397019 0.0647985 -0.247558 0 0 -0.294682 0 0 0.127549 
4.52525 -0.785418 0.52026 -0.335333 -0.483121 -0.853948 -0.193308 -0.386927 0.010179 0.922054 -0.0533564 -0.0101938 -0.0827296 -0.207136 0 0 -0.19813 0 0 0.137602 
4.51354 0.0204803 -0.778272 -0.627593 -0.268798 0.600327 -0.75323 0.962979 0.184122 -0.196903 0.0523146 0.011657 0.105158 -0.417204 0 0 -0.40757 0 0 -0.110165 
4.50745 -0.689197 0.678348 0.254661 -0.629934 -0.734621 0.252022 0.358038 0.0132734 0.933613 -0.0664379 -0.0430989 -0.00499671 -0.223472 0 0 -0.222844 0 0 0.13446 
4.49776 -0.0204845 -0.360207 0.932647 0.268803 0.896511 0.352154 -0.962977 0.257913 0.0784604 -0.0316851 0.0211309 -0.100641 -0.509358 0 0 -0.245464 0 0 0.115401 
4.48734 -0.421551 0.390863 -0.818243 -0.0533039 -0.911456 -0.407929 -0.905237 -0.128347 0.40506 0.00798115 0.0294878 -0.10175 -0.188705 0 0 -0.241065 0 0 0.178862 
4.48427 0.585569 -0.713301 -0.385111 0.214531 0.594506 -0.774944 0.78172 0.371165 0.501149 0.103228 0.062511 0.0640847 -0.621408 0 0 -0.609889 0 0 -0.288608 
4.44406 0.807638 -0.563941 0.172312 0.572192 0.678846 -0.460179 0.14254 0.470254 0.870944 0.0954841 0.081969 -0.0217504 -0.55732 0 0 -0.543706 0 0 -0.207555 
4.43884 -0.556607 -0.720794 -0.413092 -0.594667 0.692897 -0.407756 0.580138 0.018692 -0.814303 -0.0181839 -0.0382413 0.0925541 -0.414482 0 0 -0.410921 0 0 -0.114354 
4.42087 -0.689197 0.678348 0.254661 -0.629934 -0.734621 0.252022 0.358038 0.0132734 0.933613 -0.0773004 -0.0517712 -0.00360709 -0.417204 0 0 -0.419299 0 0 -0.121266 
4.40982 0.807638 -0.563941 0.172312 0.572192 0.678846 -0.460179 0.14254 0.470254 0.870944 0.0897361 0.0895263 -0.0195187 -0.626016 0 0 -0.510824 0 0 -0.210278 
4.39314 -0.421551 0.390863 -0.818243 -0.0533039 -0.911456 -0.407929 -0.905237 -0.128347 0.40506 -0.00774974 0.0351893 -0.118946 -0.616591 0 0 -0.604653 0 0 -0.283582 
4.39206 -0.585573 -0.425178 0.690165 -0.214525 0.902331 0.373869 -0.781718 0.0708696 -0.619592 -0.0608735 -0.0281727 -0.0514891 -0.244835 0 0 -0.279393 0 0 0.119171 
4.37137 0.0204803 -0.778272 -0.627593 -0.268798 0.600327 -0.75323 0.962979 0.184122 -0.196903 0.0560803 0.016718 0.0977191 -0.208812 0 0 -0.198759 0 0 0.131738 
4.35963 -0.807642 -0.574538 0.132742 -0.572186 0.817991 0.0591032 -0.142539 -0.0282188 -0.989387 -0.0622799 -0.0533439 0.0301241 -0.208602 0 0 -0.211325 0 0 0.120847 
4.3465 -0.189252 0.772522 0.60613 -0.407742 -0.623377 0.667194 0.89327 -0.120877 0.432965 -0.0403889 -0.0470126 0.0753463 -0.439615 0 0 -0.472078 0 0 -0.122313 
4.33865 -0.807642 -0.574538 0.132742 -0.572186 0.817991 0.0591032 -0.142539 -0.0282188 -0.989387 -0.0653409 -0.0516773 0.0165969 -0.499933 0 0 -0.508101 0 0 -0.208602 
4.30593 -0.213034 -0.912363 0.349585 -0.142538 0.382992 0.912688 -0.966592 0.144604 -0.211637 -0.0365198 -0.0278926 -0.0811027 -0.220331 0 0 -0.285048 0 0 0.115611 
4.24696 -0.807642 -0.574538 0.132742 -0.572186 0.817991 0.0591032 -0.142539 -0.0282188 -0.989387 -0.0749498 -0.0493089 0.0264556 -0.385788 0 0 -0.432912 0 0 -0.0877554 
4.18909 0.421555 0.747616 0.513188 0.0532984 -0.585381 0.809005 0.905235 -0.313688 -0.286617 0.0155287 -0.000739815 0.1053 -0.226614 0 0 -0.615544 0 0 0.111422 
4.16526 0.0788344 -0.996214 0.0366553 -0.592679 -0.0764032 -0.801806 0.801571 0.0414851 -0.596459 0.00700826 0.00495927 0.113836 -0.438567 0 0 -0.393538 0 0 -0.0812627 
4.15951 -0.689197 0.678348 0.254661 -0.629934 -0.734621 0.252022 0.358038 0.0132734 0.933613 -0.0753181 -0.0643894 0.00160012 -0.596276 0 0 -0.626016 0 0 -0.286095 
4.15282 -0.556607 -0.720794 -0.413092 -0.594667 0.692897 -0.407756 0.580138 0.018692 -0.814303 -0.0257412 -0.0443105 0.0936422 -0.61345 0 0 -0.610936 0 0 -0.293425 
4.13021 -0.807642 -0.574538 0.132742 -0.572186 0.817991 0.0591032 -0.142539 -0.0282188 -0.989387 -0.0680279 -0.0457866 0.0323559 -0.172997 0 0 -0.222844 0 0 0.196664 
4.12133 0.235262 0.933834 -0.269455 0.613793 0.0722101 0.786158 0.753598 -0.350342 -0.556193 0.000615001 0.0569354 0.110457 -0.271015 0 0 -0.22075 0 0 0.118124 
4.10515 -0.689197 0.678348 0.254661 -0.629934 -0.734621 0.252022 0.358038 0.0132734 0.933613 -0.0677867 -0.0542675 -0.0132778 -0.174673 0 0 -0.219284 0 0 0.183679 
4.06953 -0.585573 -0.425178 0.690165 -0.214525 0.902331 0.373869 -0.781718 0.0708696 -0.619592 -0.0628737 -0.0419526 -0.0526054 -0.222425 0 0 -0.24693 0 0 0.110165 
4.06948 0.807638 -0.563941 0.172312 0.572192 0.678846 -0.460179 0.14254 0.470254 0.870944 0.0828142 0.086004 -0.0254189 -0.427048 0 0 -0.251119 0 0 0.120219 
4.05855 -0.189252 0.772522 0.60613 -0.407742 -0.623377 0.667194 0.89327 -0.120877 0.432965 -0.0368727 -0.0534818 0.0636823 -0.225357 0 0 -0.227033 0 0 0.123988 
4.03815 -0.0788413 -0.881074 0.466362 0.59268 0.334731 0.732588 -0.80157 0.334162 0.495804 -0.0392113 0.0537901 -0.0985076 -0.22075 0 0 -0.288189 0 0 0.116658 
4.03387 -0.235255 0.943453 -0.233562 -0.613794 -0.330538 -0.716939 -0.7536 -0.0253044 0.656847 -0.038928 0.00233963 -0.101831 -0.404638 0 0 -0.438567 0 0 -0.102207 
4.02158 0.0204803 -0.778272 -0.627593 -0.268798 0.600327 -0.75323 0.962979 0.184122 -0.196903 0.0465666 0.0192143 0.10739 -0.376783 0 0 -0.428095 0 0 -0.0630414 
4.00816 0.153218 0.892188 -0.424883 0.984188 -0.0991048 0.146806 0.0888706 -0.440658 -0.893265 0.00841376 0.128816 0.0477824 -0.622246 0 0 -0.522343 0 0 -0.221169 
3.98322 -0.785418 0.52026 -0.335333 -0.483121 -0.853948 -0.193308 -0.386927 0.010179 0.922054 -0.062723 -0.0298896 -0.0827853 -0.571562 0 0 -0.626644 0 0 -0.248815 
3.96324 0.189256 0.365957 -0.911184 0.407736 -0.87346 -0.266118 -0.893271 -0.321158 -0.314522 0.0679911 0.0660815 -0.0711073 -0.238133 0 0 -0.241275 0 0 0.111841 
3.96319 0.101533 -0.883508 0.45728 0.980715 0.166052 0.103073 -0.166999 0.437996 0.883329 -0.0100565 0.117891 -0.0491068 -0.238552 0 0 -0.508311 0 0 0.120847 
3.94884 -0.585573 -0.425178 0.690165 -0.214525 0.902331 0.373869 -0.781718 0.0708696 -0.619592 -0.0766014 -0.0257501 -0.0575741 -0.483597 0 0 -0.440662 0 0 -0.125873 
3.94829 0.235262 0.933834 -0.269455 0.613793 0.0722101 0.786158 0.753598 -0.350342 -0.556193 0.00258938 0.0662828 0.113896 -0.489461 0 0 -0.438567 0 0 -0.132157 
3.93782 0.179494 0.978298 -0.103514 -0.116154 0.125563 0.985263 0.976878 -0.164825 0.136171 -0.0126655 -0.0147247 0.0933684 -0.275204 0 0 -0.240228 0 0 0.121266 
3.90453 -0.689197 0.678348 0.254661 -0.629934 -0.734621 0.252022 0.358038 0.0132734 0.933613 -0.0715524 -0.0593284 -0.00583884 -0.388302 0 0 -0.428095 0 0 -0.0938291 
3.90113 -0.213034 -0.912363 0.349585 -0.142538 0.382992 0.912688 -0.966592 0.144604 -0.211637 -0.0477445 -0.0228093 -0.0884757 -0.438148 0 0 -0.466423 0 0 -0.132576 
3.89521 -0.189252 0.772522 0.60613 -0.407742 -0.623377 0.667194 0.89327 -0.120877 0.432965 -0.0483686 -0.0383673 0.0681458 -0.217608 0 0 -0.287352 0 0 0.114983 
3.88636 0.153218 0.892188 -0.424883 0.984188 -0.0991048 0.146806 0.0888706 -0.440658 -0.893265 0.00797774 0.119572 0.0519604 -0.395632 0 0 -0.239599 0 0 0.121266 
3.85558 0.689201 0.460131 -0.559715 0.629928 -0.762216 0.149053 -0.35804 -0.455308 -0.81517 0.0975743 0.0820967 -0.00651929 -0.550199 0 0 -0.538051 0 0 -0.212791 
3.85302 -0.10154 -0.99378 0.0457369 -0.980714 0.0922758 -0.172292 0.167 -0.0623494 -0.983984 -0.0124807 -0.0642721 0.06405 -0.438986 0 0 -0.397308 0 0 -0.0934102 
3.82565 -0.689197 0.678348 0.254661 -0.629934 -0.734621 0.252022 0.358038 0.0132734 0.933613 -0.0868141 -0.0492749 0.00606363 -0.625388 0 0 -0.604653 0 0 -0.294473 
3.80849 0.0185834 0.999533 -0.0242665 -0.77806 0.0296998 0.627488 0.627915 0.00721996 0.778248 -0.0214425 -0.075221 0.0388899 -0.438148 0 0 -0.437101 0 0 -0.132576 
3.78473 -0.585573 -0.425178 0.690165 -0.214525 0.902331 0.373869 -0.781718 0.0708696 -0.619592 -0.0743697 -0.0268381 -0.0481418 -0.215514 0 0 -0.228708 0 0 0.12336 
3.74225 0.101533 -0.883508 0.45728 0.980715 0.166052 0.103073 -0.166999 0.437996 0.883329 -0.0192863 0.132265 -0.0528995 -0.437939 0 0 -0.491975 0 0 -0.131738 
3.72269 -0.585573 -0.425178 0.690165 -0.214525 0.902331 0.373869 -0.781718 0.0708696 -0.619592 -0.0708535 -0.0333074 -0.0598059 -0.43752 0 0 -0.462025 0 0 -0.126502 
3.69256 -0.0788413 -0.881074 0.466362 0.59268 0.334731 0.732588 -0.80157 0.334162 0.495804 -0.0387752 0.0630341 -0.102686 -0.438148 0 0 -0.514385 0 0 -0.131738 
3.68839 0.585569 -0.713301 -0.385111 0.214531 0.594506 -0.774944 0.78172 0.371165 0.501149 0.0910167 0.0584645 0.0463356 -0.241065 0 0 -0.227661 0 0 0.127549 
3.68833 -0.189252 0.772522 0.60613 -0.407742 -0.623377 0.667194 0.89327 -0.120877 0.432965 -0.0346409 -0.0545698 0.0731145 -0.51983 0 0 -0.439615 0 0 -0.121056 
3.67351 0.222429 -0.91824 0.32766 0.794261 -0.0242353 -0.607094 0.565398 0.395283 0.723931 -0.00347954 0.131251 0.0267922 -0.240018 0 0 -0.263266 0 0 0.121685 
3.65049 -0.235255 0.943453 -0.233562 -0.613794 -0.330538 -0.716939 -0.7536 -0.0253044 0.656847 -0.0356164 0.00801786 -0.0891861 -0.19834 0 0 -0.241065 0 0 0.172579 
3.62168 0.179494 0.978298 -0.103514 -0.116154 0.125563 0.985263 0.976878 -0.164825 0.136171 -0.00322795 -0.0251865 0.0955088 -0.325051 0 0 -0.219703 0 0 0.117705 
3.55879 -0.689197 0.678348 0.254661 -0.629934 -0.734621 0.252022 0.358038 0.0132734 0.933613 -0.0830484 -0.0442139 -0.00137534 -0.427676 0 0 -0.38893 0 0 -0.0996934 
3.49153 0.153218 0.892188 -0.424883 0.984188 -0.0991048 0.146806 0.0888706 -0.440658 -0.893265 -0.00145316 0.130173 0.0497568 -0.547476 0 0 -0.523391 0 0 -0.221169 
3.48115 -0.213034 -0.912363 0.349585 -0.142538 0.382992 0.912688 -0.966592 0.144604 -0.211637 -0.0463867 -0.0265349 -0.0791283 -0.220331 0 0 -0.23918 0 0 0.115611 
3.43366 -0.421551 0.390863 -0.818243 -0.0533039 -0.911456 -0.407929 -0.905237 -0.128347 0.40506 0.00492011 0.0311544 -0.115277 -0.380343 0 0 -0.43019 0 0 -0.0666019 
3.42595 0.101533 -0.883508 0.45728 0.980715 0.166052 0.103073 -0.166999 0.437996 0.883329 -0.0212606 0.122918 -0.0563383 -0.220331 0 0 -0.283163 0 0 0.117496 
3.40323 -0.421551 0.390863 -0.818243 -0.0533039 -0.911456 -0.407929 -0.905237 -0.128347 0.40506 -0.0035148 0.0446023 -0.0972868 -0.244207 0 0 -0.156871 0 0 0.244835 
3.38814 0.799307 -0.308186 0.515877 -0.400803 -0.913043 0.0755555 0.447733 -0.267157 -0.853324 0.076991 -0.0661112 0.0768652 -0.224939 0 0 -0.366311 0 0 0.120637 
3.31214 -0.179487 0.898989 -0.399503 0.116153 -0.383891 -0.916044 -0.976879 -0.210822 -0.0355169 -0.0255999 0.088476 -0.0944591 -0.411968 0 0 -0.438567 0 0 -0.113726 
3.28687 -0.421551 0.390863 -0.818243 -0.0533039 -0.911456 -0.407929 -0.905237 -0.128347 0.40506 -0.00200176 0.0276321 -0.121178 -0.574075 0 0 -0.627692 0 0 -0.236458 
3.26828 0.799307 -0.308186 0.515877 -0.400803 -0.913043 0.0755555 0.447733 -0.267157 -0.853324 0.0857584 -0.0702812 0.0762919 -0.43375 0 0 -0.569048 0 0 -0.120637 
3.20855 0.179494 0.978298 -0.103514 -0.116154 0.125563 0.985263 0.976878 -0.164825 0.136171 -0.0107387 -0.0198536 0.106524 -0.467889 0 0 -0.438148 0 0 -0.131738 
3.1931 0.153218 0.892188 -0.424883 0.984188 -0.0991048 0.146806 0.0888706 -0.440658 -0.893265 0.000431332 0.124844 0.0628392 -0.252166 0 0 -0.22075 0 0 0.117496 
3.18398 0.0204803 -0.778272 -0.627593 -0.268798 0.600327 -0.75323 0.962979 0.184122 -0.196903 0.0580625 0.00409979 0.102926 -0.429143 0 0 -0.358561 0 0 -0.0330915 
3.12282 -0.153211 0.9851 -0.078134 -0.984189 -0.159223 -0.0775873 -0.088872 0.0650113 0.993919 -0.0367699 -0.0562219 -0.0507739 -0.192475 0 0 -0.220331 0 0 0.148074 
3.11758 -0.0788413 -0.881074 0.466362 0.59268 0.334731 0.732588 -0.80157 0.334162 0.495804 -0.0293443 0.0524324 -0.100482 -0.219703 0 0 -0.518783 0 0 0.116658 
3.08075 0.0204803 -0.778272 -0.627593 -0.268798 0.600327 -0.75323 0.962979 0.184122 -0.196903 0.0428009 0.0141533 0.114829 -0.570515 0 0 -0.627063 0 0 -0.231641 
3.05864 0.222429 -0.91824 0.32766 0.794261 -0.0242353 -0.607094 0.565398 0.395283 0.723931 0.00874356 0.133868 0.033859 -0.521715 0 0 -0.540774 0 0 -0.221169 
3.05184 0.0185834 0.999533 -0.0242665 -0.77806 0.0296998 0.627488 0.627915 0.00721996 0.778248 -0.0228003 -0.0714954 0.0295425 -0.213419 0 0 -0.219703 0 0 0.122732 
3.04497 0.222429 -0.91824 0.32766 0.794261 -0.0242353 -0.607094 0.565398 0.395283 0.723931 -0.000693945 0.14433 0.0317186 -0.43752 0 0 -0.445479 0 0 -0.132576 
3.03411 0.213027 -0.964924 0.153432 0.142539 -0.124664 -0.981907 0.966593 0.231043 0.110983 0.014033 0.0815967 0.0962395 -0.522762 0 0 -0.477942 0 0 -0.19436 
2.9505 0.0788344 -0.996214 0.0366553 -0.592679 -0.0764032 -0.801806 0.801571 0.0414851 -0.596459 -0.00517916 0.00240197 0.106906 -0.522343 0 0 -0.5125 0 0 -0.222635 
2.94678 0.0185834 0.999533 -0.0242665 -0.77806 0.0296998 0.627488 0.627915 0.00721996 0.778248 -0.0313095 -0.0738633 0.0408643 -0.43752 0 0 -0.43752 0 0 -0.132576 
2.9086 0.269246 -0.193629 0.943406 -0.167919 -0.974014 -0.151987 0.948319 -0.117493 -0.294764 0.00418988 -0.0321396 0.0974827 -0.223472 0 0 -0.296776 0 0 0.118752 
2.88332 -0.153211 0.9851 -0.078134 -0.984189 -0.159223 -0.0775873 -0.088872 0.0650113 0.993919 -0.0372059 -0.0654659 -0.0465958 -0.412387 0 0 -0.437939 0 0 -0.117077 
2.87968 0.0788344 -0.996214 0.0366553 -0.592679 -0.0764032 -0.801806 0.801571 0.0414851 -0.596459 0.00512377 0.0102882 0.100754 -0.241065 0 0 -0.187868 0 0 0.191428 
2.86685 -0.482959 0.613759 0.624541 0.265443 0.782294 -0.563521 -0.83444 -0.106377 -0.540734 -0.0608101 0.0137862 -0.0638305 -0.269968 0 0 -0.221378 0 0 0.116658 
2.83273 -0.222436 -0.959048 0.175357 -0.79426 0.282563 0.537875 -0.565397 -0.0196361 -0.824585 -0.0287169 -0.0723614 -0.0115269 -0.22075 0 0 -0.198759 0 0 0.139068 
2.69161 0.213027 -0.964924 0.153432 0.142539 -0.124664 -0.981907 0.966593 0.231043 0.110983 0.0126753 0.0853223 0.0868921 -0.239599 0 0 -0.214467 0 0 0.132366 
2.67618 -0.79931 -0.52483 -0.292671 0.400797 -0.8285 0.391089 -0.447733 0.1953 0.872578 -0.0463987 3.10154e-005 -0.095752 -0.425373 0 0 -0.411759 0 0 -0.11582 
2.67399 -0.269249 -0.639388 -0.7202 0.167912 -0.767529 0.618631 -0.94832 0.0456357 0.314018 0.0329082 -0.025989 -0.123036 -0.431865 0 0 -0.370918 0 0 -0.0546638 
2.65987 -0.79931 -0.52483 -0.292671 0.400797 -0.8285 0.391089 -0.447733 0.1953 0.872578 -0.0372592 -0.00472852 -0.0863497 -0.235411 0 0 -0.218236 0 0 0.135508 
2.6057 0.0788344 -0.996214 0.0366553 -0.592679 -0.0764032 -0.801806 0.801571 0.0414851 -0.596459 -0.00242264 0.015561 0.111633 -0.220121 0 0 -0.214048 0 0 0.11603 
2.59198 0.197392 0.644371 0.738798 -0.054025 0.75963 -0.648107 -0.978835 0.0880174 0.184757 -0.000531221 -0.0129712 -0.114126 -0.603606 0 0 -0.223472 0 0 0.119171 
2.53498 -0.0185765 0.877755 -0.47875 0.778059 -0.288028 -0.558269 -0.627917 -0.382867 -0.677594 -0.00561585 0.129554 -0.0228383 -0.260543 0 0 -0.240228 0 0 0.118752 
2.52499 -0.10154 -0.99378 0.0457369 -0.980714 0.0922758 -0.172292 0.167 -0.0623494 -0.983984 -0.0203733 -0.0535669 0.0694632 -0.220331 0 0 -0.214885 0 0 0.115611 
2.51156 -0.0185765 0.877755 -0.47875 0.778059 -0.288028 -0.558269 -0.627917 -0.382867 -0.677594 -0.0154828 0.130912 -0.0208639 -0.245464 0 0 -0.240228 0 0 0.118752 
2.50021 -0.269249 -0.639388 -0.7202 0.167912 -0.767529 0.618631 -0.94832 0.0456357 0.314018 0.0222592 -0.0314025 -0.129853 -0.622875 0 0 -0.610308 0 0 -0.289656 
2.45204 -0.10154 -0.99378 0.0457369 -0.980714 0.0922758 -0.172292 0.167 -0.0623494 -0.983984 -0.0105063 -0.0549247 0.0674888 -0.221378 0 0 -0.177815 0 0 0.181375 
2.40818 0.762114 0.541505 0.354902 -0.341844 0.802072 -0.489718 -0.549841 0.2519 0.79638 0.0783952 -0.0623394 -0.0940666 -0.603606 0 0 -0.517736 0 0 -0.206089 
2.40281 0.213027 -0.964924 0.153432 0.142539 -0.124664 -0.981907 0.966593 0.231043 0.110983 0.00280835 0.0866801 0.0888665 -0.23918 0 0 -0.234992 0 0 0.11959 
2.38702 -0.222436 -0.959048 0.175357 -0.79426 0.282563 0.537875 -0.565397 -0.0196361 -0.824585 -0.031073 -0.0763366 -0.0205681 -0.438567 0 0 -0.42244 0 0 -0.127968 
2.35809 0.101533 -0.883508 0.45728 0.980715 0.166052 0.103073 -0.166999 0.437996 0.883329 -0.0291532 0.133623 -0.0509251 -0.428095 0 0 -0.441081 0 0 -0.132157 
2.34189 -0.762111 0.291512 -0.578108 0.34185 0.939471 0.0230735 0.549841 -0.180042 -0.815634 -0.027731 -0.00814392 0.0841956 -0.170484 0 0 -0.223263 0 0 0.205042 
2.32084 0.179494 0.978298 -0.103514 -0.116154 0.125563 0.985263 0.976878 -0.164825 0.136171 -0.00087177 -0.0212113 0.10455 -0.606119 0 0 -0.437101 0 0 -0.131528 
2.31371 -0.785418 0.52026 -0.335333 -0.483121 -0.853948 -0.193308 -0.386927 0.010179 0.922054 -0.0528776 -0.0249358 -0.0742028 -0.433331 0 0 -0.510405 0 0 -0.11226 
2.30115 -0.197389 0.188645 -0.962003 0.0540314 0.981912 0.181463 0.978835 -0.0161597 -0.204011 0.0336685 -0.0379932 0.0958431 -0.441709 0 0 -0.515432 0 0 -0.129434 
2.29984 -0.179487 0.898989 -0.399503 0.116153 -0.383891 -0.916044 -0.976879 -0.210822 -0.0355169 -0.0236731 0.0833472 -0.0813031 -0.214048 0 0 -0.241065 0 0 0.136555 
2.28791 -0.0185765 0.877755 -0.47875 0.778059 -0.288028 -0.558269 -0.627917 -0.382867 -0.677594 -0.00697361 0.13328 -0.0321857 -0.510824 0 0 -0.522972 0 0 -0.220121 
2.28592 -0.79931 -0.52483 -0.292671 0.400797 -0.8285 0.391089 -0.447733 0.1953 0.872578 -0.0551661 0.00420102 -0.0951786 -0.622875 0 0 -0.609889 0 0 -0.290703 
2.26131 -0.482959 0.613759 0.624541 0.265443 0.782294 -0.563521 -0.83444 -0.106377 -0.540734 -0.0653655 0.00559209 -0.0738941 -0.456998 0 0 -0.431865 0 0 -0.122732 
2.22169 -0.197389 0.188645 -0.962003 0.0540314 0.981912 0.181463 0.978835 -0.0161597 -0.204011 0.0396122 -0.0405364 0.0885774 -0.181584 0 0 -0.243369 0 0 0.19834 
2.21094 -0.10154 -0.99378 0.0457369 -0.980714 0.0922758 -0.172292 0.167 -0.0623494 -0.983984 -0.0223476 -0.0629143 0.0660244 -0.438148 0 0 -0.432912 0 0 -0.134251 
2.2079 -0.785418 0.52026 -0.335333 -0.483121 -0.853948 -0.193308 -0.386927 0.010179 0.922054 -0.0453203 -0.0188665 -0.0752908 -0.169018 0 0 -0.240018 0 0 0.268921 
2.18348 0.101533 -0.883508 0.45728 0.980715 0.166052 0.103073 -0.166999 0.437996 0.883329 -0.0311276 0.124276 -0.0543639 -0.210697 0 0 -0.223891 0 0 0.117077 
2.1362 -0.762111 0.291512 -0.578108 0.34185 0.939471 0.0230735 0.549841 -0.180042 -0.815634 -0.0368704 -0.00338439 0.0747933 -0.447992 0 0 -0.514385 0 0 -0.130691 
2.11087 -0.269249 -0.639388 -0.7202 0.167912 -0.767529 0.618631 -0.94832 0.0456357 0.314018 0.0332521 -0.0267281 -0.10911 -0.243369 0 0 -0.17949 0 0 0.186192 
2.08742 0.880401 0.365417 -0.302266 -0.429414 0.884756 -0.181135 0.201242 0.289269 0.935855 0.118139 -0.0734811 -0.0233031 -0.556482 0 0 -0.511452 0 0 -0.209231 
2.08511 -0.482959 0.613759 0.624541 0.265443 0.782294 -0.563521 -0.83444 -0.106377 -0.540734 -0.0650038 0.00501875 -0.0641922 -0.236039 0 0 -0.222425 0 0 0.116658 
2.05983 0.0185834 0.999533 -0.0242665 -0.77806 0.0296998 0.627488 0.627915 0.00721996 0.778248 -0.0326672 -0.0701377 0.0315169 -0.218655 0 0 -0.219703 0 0 0.116449 
2.0288 0.213027 -0.964924 0.153432 0.142539 -0.124664 -0.981907 0.966593 0.231043 0.110983 0.00611059 0.0921604 0.101601 -0.43752 0 0 -0.433331 0 0 -0.133204 
2.01605 0.222429 -0.91824 0.32766 0.794261 -0.0242353 -0.607094 0.565398 0.395283 0.723931 -0.0105609 0.145688 0.033693 -0.428724 0 0 -0.437939 0 0 -0.132576 
2.00882 -0.222436 -0.959048 0.175357 -0.79426 0.282563 0.537875 -0.565397 -0.0196361 -0.824585 -0.0381544 -0.0618995 -0.0136673 -0.240228 0 0 -0.237086 0 0 0.117077 
1.99345 -0.861147 -0.346819 0.371676 0.398898 -0.914232 0.0711285 0.315129 0.209513 0.925634 -0.0768602 0.0116814 -0.0249815 -0.217608 0 0 -0.206717 0 0 0.12336 
1.96484 -0.418536 -0.209631 0.883676 0.163328 -0.974507 -0.153821 0.893393 0.0799497 0.442105 -0.0591756 -0.000490222 0.0649984 -0.429143 0 0 -0.436473 0 0 -0.124198 
1.94299 0.880401 0.365417 -0.302266 -0.429414 0.884756 -0.181135 0.201242 0.289269 0.935855 0.113945 -0.0822485 -0.0236648 -0.524438 0 0 -0.51229 0 0 -0.210068 
1.94126 -0.269249 -0.639388 -0.7202 0.167912 -0.767529 0.618631 -0.94832 0.0456357 0.314018 0.0226031 -0.0321415 -0.115927 -0.506216 0 0 -0.48988 0 0 -0.201691 
1.9412 0.222429 -0.91824 0.32766 0.794261 -0.0242353 -0.607094 0.565398 0.395283 0.723931 -0.012917 0.141713 0.0246518 -0.210278 0 0 -0.220331 0 0 0.117077 
1.89397 -0.556607 -0.720794 -0.413092 -0.594667 0.692897 -0.407756 0.580138 0.018692 -0.814303 -0.0186628 -0.0234992 0.0840273 -0.165248 0 0 -0.241065 0 0 0.280021 
1.82407 0.880401 0.365417 -0.302266 -0.429414 0.884756 -0.181135 0.201242 0.289269 0.935855 0.10749 -0.0788945 -0.0301197 -0.278974 0 0 -0.243369 0 0 0.124407 
1.81866 0.269246 -0.193629 0.943406 -0.167919 -0.974014 -0.151987 0.948319 -0.117493 -0.294764 0.0106452 -0.0354937 0.103938 -0.432703 0 0 -0.53847 0 0 -0.121266 
1.80718 -0.213034 -0.912363 0.349585 -0.142538 0.382992 0.912688 -0.966592 0.144604 -0.211637 -0.0378776 -0.024167 -0.0904501 -0.43752 0 0 -0.606119 0 0 -0.133623 
1.79045 0.482962 0.219258 -0.847746 -0.265437 0.959249 0.0968768 0.834441 0.178235 0.52148 0.0978755 -0.0670282 0.0552103 -0.466842 0 0 -0.513337 0 0 -0.182422 
1.77274 0.482962 0.219258 -0.847746 -0.265437 0.959249 0.0968768 0.834441 0.178235 0.52148 0.0975137 -0.0664548 0.0455084 -0.218027 0 0 -0.241065 0 0 0.12713 
1.67828 0.418533 -0.623386 -0.66047 -0.163335 -0.767036 0.620465 -0.893393 -0.151807 -0.422851 0.0937141 -0.0567048 -0.0835072 -0.51229 0 0 -0.481503 0 0 -0.196455 
1.66479 -0.222436 -0.959048 0.175357 -0.79426 0.282563 0.537875 -0.565397 -0.0196361 -0.824585 -0.04094 -0.0749788 -0.0185937 -0.438148 0 0 -0.436054 0 0 -0.133623 
1.61557 -0.269249 -0.639388 -0.7202 0.167912 -0.767529 0.618631 -0.94832 0.0456357 0.314018 0.0290584 -0.0354956 -0.109472 -0.236458 0 0 -0.223891 0 0 0.124826 
1.57337 -0.861147 -0.346819 0.371676 0.398898 -0.914232 0.0711285 0.315129 0.209513 0.925634 -0.082804 0.0142246 -0.0177158 -0.426629 0 0 -0.416576 0 0 -0.121266 
1.54697 -0.861147 -0.346819 0.371676 0.398898 -0.914232 0.0711285 0.315129 0.209513 0.925634 -0.0726666 0.0204488 -0.0246197 -0.222844 0 0 -0.166924 0 0 0.218236 
1.45941 -0.421551 0.390863 -0.818243 -0.0533039 -0.911456 -0.407929 -0.905237 -0.128347 0.40506 -0.0104367 0.04108 -0.103187 -0.515013 0 0 -0.410712 0 0 -0.0781211 
1.44139 -0.235255 0.943453 -0.233562 -0.613794 -0.330538 -0.716939 -0.7536 -0.0253044 0.656847 -0.0487949 0.00369739 -0.0998564 -0.435845 0 0 -0.43752 0 0 -0.133623 
1.43162 -0.556607 -0.720794 -0.413092 -0.594667 0.692897 -0.407756 0.580138 0.018692 -0.814303 -0.0239319 -0.030684 0.0947859 -0.368824 0 0 -0.430609 0 0 -0.0393747 
1.38999 -0.556607 -0.720794 -0.413092 -0.594667 0.692897 -0.407756 0.580138 0.018692 -0.814303 -0.0124359 -0.0457985 0.0903224 -0.431237 0 0 -0.360446 0 0 -0.0173835 
1.38819 -0.235255 0.943453 -0.233562 -0.613794 -0.330538 -0.716939 -0.7536 -0.0253044 0.656847 -0.0468205 0.0130448 -0.0964176 -0.218027 0 0 -0.220121 0 0 0.115401 
1.37309 -0.153211 0.9851 -0.078134 -0.984189 -0.159223 -0.0775873 -0.088872 0.0650113 0.993919 -0.0466368 -0.0548641 -0.0487995 -0.218236 0 0 -0.219703 0 0 0.115611 
1.3505 0.418533 -0.623386 -0.66047 -0.163335 -0.767036 0.620465 -0.893393 -0.151807 -0.422851 0.0898822 -0.0660456 -0.0741671 -0.239599 0 0 -0.243369 0 0 0.120219 
1.28167 -0.179487 0.898989 -0.399503 0.116153 -0.383891 -0.916044 -0.976879 -0.210822 -0.0355169 -0.0354668 0.0898338 -0.0924847 -0.436054 0 0 -0.437939 0 0 -0.133832 
1.25684 -0.762111 0.291512 -0.578108 0.34185 0.939471 0.0230735 0.549841 -0.180042 -0.815634 -0.0494596 -0.00857137 0.0849806 -0.619105 0 0 -0.621827 0 0 -0.295939 
1.23475 -0.762111 0.291512 -0.578108 0.34185 0.939471 0.0230735 0.549841 -0.180042 -0.815634 -0.0322966 -0.0163219 0.0738582 -0.228708 0 0 -0.232897 0 0 0.120637 
1.23149 -0.153211 0.9851 -0.078134 -0.984189 -0.159223 -0.0775873 -0.088872 0.0650113 0.993919 -0.0470728 -0.0641082 -0.0446215 -0.436054 0 0 -0.437101 0 0 -0.133204 
1.21892 -0.197389 0.188645 -0.962003 0.0540314 0.981912 0.181463 0.978835 -0.0161597 -0.204011 0.0301686 -0.0476661 0.109384 -0.61722 0 0 -0.620361 0 0 -0.29552 
1.20837 0.0204803 -0.778272 -0.627593 -0.268798 0.600327 -0.75323 0.962979 0.184122 -0.196903 0.0542968 -0.000961185 0.110365 -0.628111 0 0 -0.555435 0 0 -0.209021 
1.15853 0.418533 -0.623386 -0.66047 -0.163335 -0.767036 0.620465 -0.893393 -0.151807 -0.422851 0.0895205 -0.0654723 -0.083869 -0.50873 0 0 -0.501818 0 0 -0.209021 
1.13479 -0.179487 0.898989 -0.399503 0.116153 -0.383891 -0.916044 -0.976879 -0.210822 -0.0355169 -0.0331106 0.093809 -0.0834435 -0.218655 0 0 -0.220331 0 0 0.115401 
1.11467 -0.0185765 0.877755 -0.47875 0.778059 -0.288028 -0.558269 -0.627917 -0.382867 -0.677594 -0.014896 0.143844 -0.0268246 -0.438148 0 0 -0.437939 0 0 -0.133623 
1.11067 -0.762111 0.291512 -0.578108 0.34185 0.939471 0.0230735 0.549841 -0.180042 -0.815634 -0.0410641 -0.0121519 0.0744315 -0.500352 0 0 -0.504122 0 0 -0.209231 
1.07681 -0.861147 -0.346819 0.371676 0.398898 -0.914232 0.0711285 0.315129 0.209513 0.925634 -0.0887477 0.0167678 -0.0104501 -0.624969 0 0 -0.61722 0 0 -0.29552 
1.06424 -0.197389 0.188645 -0.962003 0.0540314 0.981912 0.181463 0.978835 -0.0161597 -0.204011 0.0361123 -0.0502093 0.102118 -0.420346 0 0 -0.423488 0 0 -0.123151 
1.05138 0.482962 0.219258 -0.847746 -0.265437 0.959249 0.0968768 0.834441 0.178235 0.52148 0.103058 -0.0806567 0.0639609 -0.620152 0 0 -0.622456 0 0 -0.295939 
1.02123 -0.556607 -0.720794 -0.413092 -0.594667 0.692897 -0.407756 0.580138 0.018692 -0.814303 -0.00487869 -0.0397293 0.0892344 -0.221797 0 0 -0.14954 0 0 0.260962 
0.986221 -0.880398 0.4676 0.0790606 0.42942 0.856786 -0.285509 -0.201242 -0.217411 -0.955109 -0.0701588 0.00440327 0.0104846 -0.232897 0 0 -0.236039 0 0 0.1198 
0.95118 -0.10154 -0.99378 0.0457369 -0.980714 0.0922758 -0.172292 0.167 -0.0623494 -0.983984 -0.0302402 -0.0522091 0.0714376 -0.212372 0 0 -0.221378 0 0 0.11603 
0.949128 -0.79931 -0.52483 -0.292671 0.400797 -0.8285 0.391089 -0.447733 0.1953 0.872578 -0.042205 0.00879849 -0.0953902 -0.432284 0 0 -0.361075 0 0 -0.0194779 
0.947283 -0.213034 -0.912363 0.349585 -0.142538 0.382992 0.912688 -0.966592 0.144604 -0.211637 -0.0576114 -0.0214515 -0.0865014 -0.429143 0 0 -0.439196 0 0 -0.133204 
0.908998 0.0788344 -0.996214 0.0366553 -0.592679 -0.0764032 -0.801806 0.801571 0.0414851 -0.596459 -0.0122896 0.0169188 0.113607 -0.212372 0 0 -0.221378 0 0 0.116449 
0.904118 0.482962 0.219258 -0.847746 -0.265437 0.959249 0.0968768 0.834441 0.178235 0.52148 0.102697 -0.0800833 0.054259 -0.423488 0 0 -0.426001 0 0 -0.123779 
0.898266 -0.197389 0.188645 -0.962003 0.0540314 0.981912 0.181463 0.978835 -0.0161597 -0.204011 0.0420561 -0.0527526 0.0948527 -0.212372 0 0 -0.215095 0 0 0.117077 
0.893954 -0.10154 -0.99378 0.0457369 -0.980714 0.0922758 -0.172292 0.167 -0.0623494 -0.983984 -0.0322145 -0.0615566 0.0679988 -0.431237 0 0 -0.439196 0 0 -0.133623 
0.878865 -0.79931 -0.52483 -0.292671 0.400797 -0.8285 0.391089 -0.447733 0.1953 0.872578 -0.0330656 0.00403895 -0.0859879 -0.244416 0 0 -0.157499 0 0 0.30285 
0.830831 -0.222436 -0.959048 0.175357 -0.79426 0.282563 0.537875 -0.565397 -0.0196361 -0.824585 -0.0484507 -0.0696458 -0.00757814 -0.211953 0 0 -0.221169 0 0 0.115611 
0.822957 -0.785418 0.52026 -0.335333 -0.483121 -0.853948 -0.193308 -0.386927 0.010179 0.922054 -0.0742189 -0.0147751 -0.0783218 -0.627063 0 0 -0.559624 0 0 -0.230593 
0.809807 -0.880398 0.4676 0.0790606 0.42942 0.856786 -0.285509 -0.201242 -0.217411 -0.955109 -0.0827256 0.0103723 0.0115005 -0.424535 0 0 -0.426629 0 0 -0.123779 
0.801187 -0.222436 -0.959048 0.175357 -0.79426 0.282563 0.537875 -0.565397 -0.0196361 -0.824585 -0.0508069 -0.0736211 -0.0166194 -0.430609 0 0 -0.438567 0 0 -0.133832 
0.791064 -0.880398 0.4676 0.0790606 0.42942 0.856786 -0.285509 -0.201242 -0.217411 -0.955109 -0.0891809 0.0137264 0.0050456 -0.62455 0 0 -0.625597 0 0 -0.294473 
0.704252 -0.213034 -0.912363 0.349585 -0.142538 0.382992 0.912688 -0.966592 0.144604 -0.211637 -0.0562537 -0.0251771 -0.0771539 -0.211325 0 0 -0.221169 0 0 0.115611 
0.653215 0.482962 0.219258 -0.847746 -0.265437 0.959249 0.0968768 0.834441 0.178235 0.52148 0.09332 -0.0752223 0.0451466 -0.236039 0 0 -0.237924 0 0 0.118752 
0.643963 0.213027 -0.964924 0.153432 0.142539 -0.124664 -0.981907 0.966593 0.231043 0.110983 -0.00705857 0.0880379 0.0908408 -0.231222 0 0 -0.240018 0 0 0.119171 
0.38564 -0.0788413 -0.881074 0.466362 0.59268 0.334731 0.732588 -0.80157 0.334162 0.495804 -0.0486422 0.0643919 -0.100711 -0.428514 0 0 -0.442337 0 0 -0.132576 
0.0828151 -0.0788413 -0.881074 0.466362 0.59268 0.334731 0.732588 -0.80157 0.334162 0.495804 -0.0467577 0.0590629 -0.0876289 -0.229756 0 0 -0.244416 0 0 0.11959 
