4.98688 -0.492194 -0.870485 -0.00045913 -0.870475 0.492191 -0.00466714 0.00428866 -0.00189748 -0.999989 -0.0787458 -0.139222 0.0131944 0.0088 -0.0094 
4.38917 0.507765 -0.861495 -0.00045913 -0.861487 -0.507758 -0.00466714 0.00378759 0.00276535 -0.999989 0.0812477 -0.137784 0.0131142 0.0088 -0.0092 
4.33761 0.492194 0.870485 -0.00045913 0.870475 -0.492191 -0.00466714 -0.00428866 0.00189748 -0.999989 0.0787564 0.13933 0.011822 0.0088 -0.0094 
2.14587 0.000455965 0.861497 -0.507762 0.00466528 0.507755 0.861489 0.999989 -0.00276166 -0.0037876 7.82699e-05 0.000800174 0.172506 0.0088 -0.0092 
2.13949 0.000462327 -0.870483 -0.492197 0.00466533 0.492194 -0.870473 0.999989 -0.00189382 0.00428865 7.92242e-05 0.000800183 0.172506 0.0088 -0.0092 
2.02547 0.000459163 -0.00898623 -0.99996 0.00466347 0.999949 -0.008984 0.999989 -0.00465915 0.000501046 7.87496e-05 0.000799903 0.172506 0.0088 -0.0092 
2.01222 0.000455932 0.870483 0.492197 0.00466895 -0.492194 0.870473 0.999989 0.00190117 -0.00428865 7.8265e-05 0.000800725 0.172506 0.0088 -0.0092 
1.97141 0.000462294 -0.861497 0.507762 0.00466901 -0.507755 -0.861489 0.999989 0.00276901 0.0037876 7.92193e-05 0.000800734 0.172506 0.0088 -0.0092 
1.96774 0.000459097 0.00898624 0.99996 0.00467081 -0.999949 0.008984 0.999989 0.0046665 -0.000501046 7.87396e-05 0.000801005 0.172506 0.0088 -0.0092 
1.2302 0.564685 0.822866 0.063427 -0.823348 0.566971 -0.0253586 -0.056828 -0.0379028 0.997664 0.0916143 -0.132282 0.00336925 0.0084 -0.0104 
0.971612 -0.43028 0.900464 0.063427 -0.902685 -0.429555 -0.0253586 0.00441082 -0.0681659 0.997664 -0.0675801 -0.144976 0.0131675 0.0078 -0.0108 
0.486509 0.994965 -0.0775989 0.063427 0.0793371 0.996525 -0.0253586 -0.0612388 0.0302631 0.997664 0.160459 0.0121472 0.00266352 0.0094 -0.0092 
0.237252 0.43028 -0.900464 0.063427 0.902685 0.429555 -0.0253586 -0.00441082 0.0681659 0.997664 0.0701094 0.143883 0.011756 0.0104 -0.0084 
0.190673 -0.564685 -0.822866 0.063427 0.823348 -0.566971 -0.0253586 0.056828 0.0379028 0.997664 -0.089085 0.131189 0.0215542 0.0098 -0.0088 
