10.6533 0.0498712 -0.0465183 0.997673 -0.699954 -0.714187 0.00168867 0.712446 -0.698409 -0.068178 0.0456807 -0.110435 0.224627 0.0288 -0.0294 
10.6533 -0.0498712 0.0465183 0.997673 0.699954 0.714187 0.00168867 -0.712446 0.698409 -0.068178 0.0317167 0.0855517 0.0251423 0.0288 -0.0294 
10.6409 0.0498708 0.0465187 -0.997673 -0.699959 0.714182 -0.00168867 0.712441 0.698414 0.068178 0.0456806 -0.110436 0.224626 0.0288 -0.0294 
10.6408 -0.0498708 -0.0465187 -0.997673 0.699959 -0.714182 -0.00168867 -0.712441 -0.698414 0.068178 0.0317168 0.0855525 0.0251431 0.0288 -0.0294 
10.2284 -0.997672 -0.0465222 0.049871 -0.00168604 -0.714185 -0.699957 0.0681805 -0.698411 0.712443 -0.120929 -0.0127116 0.135794 0.0288 -0.0292 
10.2266 0.997672 0.0465222 0.049871 0.00168604 0.714185 -0.699957 -0.0681805 0.698411 0.712443 0.188349 -0.0121889 0.114658 0.0288 -0.0294 
10.2157 0.997672 -0.0465148 -0.049871 0.00169129 -0.714185 0.699957 -0.0681754 -0.698411 -0.712443 0.188349 -0.0121881 0.114658 0.0288 -0.0292 
10.2062 -0.997672 0.0465148 -0.049871 -0.00169129 0.714185 0.699957 0.0681754 0.698411 -0.712443 -0.120929 -0.0127123 0.135793 0.0284 -0.0294 
8.52816 -0.0465221 0.997672 0.049871 -0.714184 0.00168604 -0.699957 -0.69841 -0.0681806 0.712443 0.0311435 -0.111473 0.011882 0.0242 -0.0252 
8.34047 0.0465148 0.997673 -0.049871 0.714184 0.00169129 0.699957 0.698411 -0.0681754 -0.712443 0.0466063 0.108969 0.243614 0.0244 -0.0252 
8.31043 0.0465221 -0.997672 0.049871 0.714184 -0.00168604 -0.699957 0.69841 0.0681806 0.712443 0.0466074 0.108969 0.243614 0.0248 -0.0252 
7.82121 0.0421096 -0.0110743 -0.999053 0.984948 0.168245 0.0396501 0.167647 -0.985684 0.0179923 0.0554264 0.139106 0.153419 0.0172 -0.0168 
7.78866 -0.0421096 0.0110743 -0.999053 -0.984948 -0.168245 0.0396501 -0.167647 0.985684 0.0179923 0.0436357 -0.136679 0.106478 0.0164 -0.0174 
7.36945 0.0465221 -0.997672 0.049871 0.714184 -0.00168604 -0.699957 0.69841 0.0681806 0.712443 0.0460305 0.117066 0.235373 0.0244 -0.0248 
6.98404 -0.0498712 0.0465183 0.997673 0.699954 0.714187 0.00168867 -0.712446 0.698409 -0.068178 0.0196775 0.0925317 0.0188065 0.0284 -0.0288 
6.90297 -0.0498708 -0.0465187 -0.997673 0.699959 -0.714182 -0.00168867 -0.712441 -0.698414 0.068178 0.0201763 0.085533 0.0259317 0.0284 -0.0288 
6.82439 0.0498708 0.0465187 -0.997673 -0.699959 0.714182 -0.00168867 0.712441 0.698414 0.068178 0.0341401 -0.110456 0.225415 0.0284 -0.0288 
6.24475 0.0421095 0.0110746 0.999053 0.98495 -0.168238 -0.0396501 0.16764 0.985685 -0.0179923 0.0354553 0.149765 0.155462 0.0164 -0.0028 
6.16895 -0.0465221 0.997672 0.049871 -0.714184 0.00168604 -0.699957 -0.69841 -0.0681806 0.712443 0.0198264 -0.141969 0.0151847 0.0294 -0.0058 
6.14017 -0.0465221 0.997672 0.049871 -0.714184 0.00168604 -0.699957 -0.69841 -0.0681806 0.712443 0.0313669 -0.14195 0.0143961 0.0178 -0.0172 
6.13719 -0.0465148 -0.997673 -0.049871 -0.714184 -0.00169129 0.699957 -0.698411 0.0681754 -0.712443 0.0429085 -0.14193 0.0136073 0.0284 -0.0068 
6.12623 -0.0465148 -0.997673 -0.049871 -0.714184 -0.00169129 0.699957 -0.698411 0.0681754 -0.712443 0.031368 -0.14195 0.014396 0.0168 -0.0184 
6.08232 -0.0465221 0.997672 0.049871 -0.714184 0.00168604 -0.699957 -0.69841 -0.0681806 0.712443 0.0429074 -0.14193 0.0136074 0.0064 -0.0288 
6.02688 -0.0465148 -0.997673 -0.049871 -0.714184 -0.00169129 0.699957 -0.698411 0.0681754 -0.712443 0.0198275 -0.141969 0.0151846 0.0052 -0.0298 
6.01724 0.999052 0.0110781 -0.0421095 -0.0396495 -0.168242 -0.984949 -0.017996 0.985684 -0.167643 0.199192 -0.00452294 0.127287 0.0164 -0.0028 
5.64305 -0.999052 0.0421059 -0.0110745 0.0396465 0.984949 0.168242 0.0179917 0.167643 -0.985684 -0.12159 -0.00850581 0.109504 0.0064 -0.0214 
5.64187 -0.999052 0.0421059 -0.0110745 0.0396465 0.984949 0.168242 0.0179917 0.167643 -0.985684 -0.12202 -0.018558 0.107793 0.0168 -0.0112 
5.63767 -0.999051 -0.0421132 0.0110745 0.0396537 -0.984949 -0.168242 0.0179929 -0.167643 0.985684 -0.12159 -0.00850473 0.109504 0.0208 -0.0068 
5.63514 -0.999051 -0.0421132 0.0110745 0.0396537 -0.984949 -0.168242 0.0179929 -0.167643 0.985684 -0.12202 -0.0185569 0.107793 0.0108 -0.0174 
5.47157 -0.0421095 -0.0110746 0.999053 -0.98495 0.168238 -0.0396501 -0.16764 -0.985685 -0.0179923 0.0529897 -0.156783 0.102943 0.0172 -0.0148 
5.42786 0.0421095 0.0110746 0.999053 0.98495 -0.168238 -0.0396501 0.16764 0.985685 -0.0179923 0.0656225 0.138702 0.153234 0.0144 -0.0174 
5.35032 0.102547 0.994458 0.0232275 -0.993476 0.103562 -0.0477749 -0.0499155 -0.0181768 0.998589 0.0537945 -0.164538 0.126814 0.0262 -0.0234 
5.34918 0.102555 -0.994457 -0.0232275 -0.993475 -0.103569 0.0477749 -0.0499157 0.0181764 -0.998589 0.0537956 -0.164538 0.126814 0.0232 -0.0268 
5.29429 -0.102547 -0.994458 0.0232275 0.993476 -0.103562 -0.0477749 0.0499155 0.0181768 0.998589 0.0250813 0.113635 0.14079 0.0232 -0.0264 
5.29328 -0.102555 0.994457 -0.0232275 0.993475 0.103569 0.0477749 0.0499157 -0.0181764 -0.998589 0.0250802 0.113635 0.14079 0.0264 -0.0234 
5.17798 -0.997672 0.0465148 -0.049871 -0.00169129 0.714185 0.699957 0.0681754 0.698411 -0.712443 -0.110375 -0.0207922 0.143352 0.0238 -0.0294 
5.17477 0.0421096 -0.0110743 -0.999053 0.984948 0.168245 0.0396501 0.167647 -0.985684 0.0179923 0.0350342 0.139916 0.153786 0.0172 -0.0168 
5.13755 -0.0421096 0.0110743 -0.999053 -0.984948 -0.168245 0.0396501 -0.167647 0.985684 0.0179923 0.0529897 -0.156783 0.102941 0.0142 -0.0174 
5.11955 -0.999052 -0.0110781 -0.0421095 0.0396495 0.168242 -0.984949 0.017996 -0.985684 -0.167643 -0.130495 0.0085614 0.133226 0.0024 -0.0162 
5.07119 0.0421096 -0.0110743 -0.999053 0.984948 0.168245 0.0396501 0.167647 -0.985684 0.0179923 0.0656225 0.138702 0.153236 0.0168 -0.0148 
5.05262 -0.997672 -0.0465222 0.049871 -0.00168604 -0.714185 -0.699957 0.0681805 -0.698411 0.712443 -0.110375 -0.0207914 0.143353 0.0288 -0.0244 
4.93146 0.0498712 -0.0465183 0.997673 -0.699954 -0.714187 0.00168867 0.712446 -0.698409 -0.068178 0.0351376 -0.124454 0.239665 0.0284 -0.0274 
4.65171 0.994456 0.0232312 0.102551 0.103566 -0.0477745 -0.993475 -0.0181803 0.998589 -0.0499156 0.196677 0.00782171 0.123515 0.0188 -0.0164 
4.65171 0.994456 0.0232312 0.102551 0.103566 -0.0477745 -0.993475 -0.0181803 0.998589 -0.0499156 0.196486 0.00821389 0.115318 0.0268 -0.0082 
4.64999 0.994457 -0.0232239 -0.102551 0.103565 0.0477752 0.993475 -0.0181729 -0.998589 0.0499156 0.196677 0.00782166 0.123516 0.0158 -0.0194 
4.64972 0.994457 -0.0232239 -0.102551 0.103565 0.0477752 0.993475 -0.0181729 -0.998589 0.0499156 0.196486 0.00821384 0.115319 0.0078 -0.0274 
4.57178 0.00284139 -0.0599519 -0.998198 -0.0959181 0.993583 -0.0599478 0.995385 0.0959156 -0.00292732 0.030895 -0.0251022 0.267697 0.0298 -0.0274 
4.35405 0.0110708 0.999053 0.0421095 -0.168242 -0.0396507 0.984949 0.985684 -0.0179887 0.167643 0.0401447 -0.0435196 0.274597 0.0218 -0.0248 
4.31094 0.0110781 -0.999052 -0.0421095 -0.168242 0.0396495 -0.984949 0.985683 0.017996 -0.167643 0.0401458 -0.0435196 0.274597 0.0244 -0.0224 
4.25392 0.997672 0.0498747 -0.0465185 0.00169123 -0.699957 -0.714185 -0.0681805 0.712443 -0.698411 0.198864 -0.0039099 0.122055 0.0114 -0.0114 
4.20972 0.0421132 -0.999052 0.0110745 0.984949 0.0396537 -0.168242 0.167643 0.017993 0.985684 0.0445017 0.118095 0.160309 0.0244 -0.0244 
4.20149 -0.059952 0.00284095 0.998198 0.993584 -0.0959109 0.0599478 0.0959083 0.995387 0.00292732 0.021476 0.138323 0.132776 0.0264 -0.0084 
4.11712 -0.999052 0.0110708 0.0421095 0.0396507 -0.168242 0.984949 0.0179887 0.985685 0.167643 -0.130495 0.00856159 0.133225 0.0154 -0.0028 
4.11018 0.997672 -0.0498673 0.0465185 0.00168609 0.699957 0.714185 -0.0681753 -0.712444 0.698411 0.198864 -0.00391068 0.122055 0.0108 -0.0122 
4.06486 -0.0498747 0.997672 -0.0465185 0.699957 0.00169124 -0.714185 -0.712443 -0.0681806 -0.698411 0.0181021 0.0830091 -0.00447512 0.0298 -0.0048 
4.00924 -0.0028375 -0.998198 -0.059952 0.0959147 -0.0599475 0.993584 -0.995386 -0.00293098 0.095912 0.0372894 0.0118094 -0.0301551 0.0234 -0.0262 
3.99653 0.0421059 0.999053 -0.0110745 0.984949 -0.0396465 0.168242 0.167643 -0.0179917 -0.985684 0.0445006 0.118095 0.160309 0.0244 -0.0248 
3.99232 -0.0421059 -0.999053 -0.0110745 -0.984949 0.0396465 0.168242 -0.167643 0.0179917 -0.985684 0.0335532 -0.137992 0.116722 0.0244 -0.0248 
3.98982 -0.0421132 0.999052 0.0110745 -0.984949 -0.0396537 -0.168242 -0.167643 -0.017993 0.985684 0.0335521 -0.137992 0.116722 0.0244 -0.0248 
3.96523 -0.0028375 -0.998198 -0.059952 0.0959147 -0.0599475 0.993584 -0.995386 -0.00293098 0.095912 0.0377524 0.00413574 -0.0308958 0.0238 -0.0262 
3.89131 0.0028375 0.998198 -0.059952 -0.0959147 0.0599475 0.993584 0.995386 0.00293098 0.095912 0.0381406 -0.016965 0.268461 0.0258 -0.0242 
3.87762 -0.0599556 0.998198 -0.00284117 0.993583 0.0599515 0.0959146 0.095912 0.00292767 -0.995386 0.0292286 0.137305 0.148174 0.0258 -0.0242 
3.82998 -0.0599483 -0.998198 0.00284117 0.993584 -0.0599442 -0.0959146 0.095912 -0.00292697 0.995386 0.0292297 0.137305 0.148174 0.0238 -0.0262 
3.80673 0.0599483 0.998198 0.00284117 -0.993584 0.0599442 -0.0959146 -0.095912 0.00292697 0.995386 0.0471922 -0.16003 0.111713 0.0258 -0.0242 
3.80486 0.102547 0.994458 0.0232275 -0.993476 0.103562 -0.0477749 -0.0499155 -0.0181768 0.998589 0.0554642 -0.183623 0.109421 0.0174 -0.0162 
3.80078 0.102547 0.994458 0.0232275 -0.993476 0.103562 -0.0477749 -0.0499155 -0.0181768 0.998589 0.0636276 -0.182773 0.109272 0.0094 -0.0244 
3.7954 0.0599556 -0.998198 -0.00284117 -0.993583 -0.0599515 0.0959146 -0.095912 -0.00292767 -0.995386 0.0472153 -0.160771 0.1194 0.0238 -0.0262 
3.79302 0.0028375 0.998198 -0.059952 -0.0959147 0.0599475 0.993584 0.995386 0.00293098 0.095912 0.0386037 -0.0246387 0.26772 0.0258 -0.0242 
3.78981 0.102547 0.994458 0.0232275 -0.993476 0.103562 -0.0477749 -0.0499155 -0.0181768 0.998589 0.0473008 -0.184474 0.10957 0.0258 -0.0078 
3.78826 0.999051 0.0421132 0.0110745 -0.0396537 0.984949 -0.168242 -0.0179929 0.167643 0.985684 0.199305 -0.00624062 0.137348 0.0158 -0.0124 
3.78036 0.999051 0.0421132 0.0110745 -0.0396537 0.984949 -0.168242 -0.0179929 0.167643 0.985684 0.198875 -0.0162928 0.135637 0.0262 -0.0022 
3.7799 -0.0599483 -0.998198 0.00284117 0.993584 -0.0599442 -0.0959146 0.095912 -0.00292697 0.995386 0.0292077 0.138045 0.140486 0.0238 -0.0262 
3.77709 0.999051 0.0421132 0.0110745 -0.0396537 0.984949 -0.168242 -0.0179929 0.167643 0.985684 0.199735 0.00381156 0.139058 0.0058 -0.0224 
3.77412 0.0599483 0.998198 0.00284117 -0.993584 0.0599442 -0.0959146 -0.095912 0.00292697 0.995386 0.0472142 -0.160771 0.1194 0.0258 -0.0242 
3.76396 0.999052 -0.0421059 -0.0110745 -0.0396465 -0.984949 0.168242 -0.0179917 -0.167643 -0.985684 0.199305 -0.00623953 0.137348 0.0118 -0.0164 
3.75739 0.999052 -0.0421059 -0.0110745 -0.0396465 -0.984949 0.168242 -0.0179917 -0.167643 -0.985684 0.198875 -0.0162917 0.135637 0.0014 -0.0268 
3.75703 0.999052 -0.0421059 -0.0110745 -0.0396465 -0.984949 0.168242 -0.0179917 -0.167643 -0.985684 0.199735 0.00381264 0.139059 0.0218 -0.0064 
3.61912 0.0498673 0.997673 0.0465185 -0.699957 0.00168609 0.714185 0.712444 -0.0681754 0.698411 0.0340608 -0.140977 0.223507 0.0294 -0.0042 
3.58994 0.0498747 -0.997672 -0.0465185 -0.699957 -0.00169124 -0.714185 0.712443 0.0681806 -0.698411 0.0571429 -0.140938 0.221929 0.0268 -0.0068 
3.58536 0.0498673 0.997673 0.0465185 -0.699957 0.00168609 0.714185 0.712444 -0.0681754 0.698411 0.0571418 -0.140938 0.221929 0.0062 -0.0272 
3.56902 0.0498747 -0.997672 -0.0465185 -0.699957 -0.00169124 -0.714185 0.712443 0.0681806 -0.698411 0.0456024 -0.140957 0.222718 0.0152 -0.0182 
3.56138 -0.0110708 -0.999053 0.0421095 0.168242 0.0396507 0.984949 -0.985684 0.0179887 0.167643 0.0368235 0.00695289 -0.0211078 0.0244 -0.0224 
3.51692 0.0498673 0.997673 0.0465185 -0.699957 0.00168609 0.714185 0.712444 -0.0681754 0.698411 0.0456013 -0.140957 0.222718 0.0178 -0.0154 
3.51302 0.0421095 0.0110746 0.999053 0.98495 -0.168238 -0.0396501 0.16764 0.985685 -0.0179923 0.0460725 0.15921 0.156955 0.0154 -0.0024 
3.50045 0.0498747 -0.997672 -0.0465185 -0.699957 -0.00169124 -0.714185 0.712443 0.0681806 -0.698411 0.0340619 -0.140977 0.223507 0.0034 -0.0298 
3.47292 0.0421096 -0.0110743 -0.999053 0.984948 0.168245 0.0396501 0.167647 -0.985684 0.0179923 0.0460725 0.15921 0.156956 0.0018 -0.0162 
3.26709 -0.0232239 -0.994458 -0.102551 0.0477752 -0.103565 0.993475 -0.998588 0.018173 0.0499156 0.0364148 -0.0256563 -0.0327908 0.0144 -0.0168 
3.22999 -0.0110708 -0.999053 0.0421095 0.168242 0.0396507 0.984949 -0.985684 0.0179887 0.167643 0.0363937 -0.00309929 -0.0228188 0.0174 -0.0188 
3.22497 0.999052 -0.0421059 -0.0110745 -0.0396465 -0.984949 0.168242 -0.0179917 -0.167643 -0.985684 0.208753 -0.0149712 0.125397 0.0294 -0.0262 
3.20051 -0.0110781 0.999052 -0.0421095 0.168242 -0.0396495 -0.984949 -0.985683 -0.017996 -0.167643 0.0363926 -0.00309924 -0.0228187 0.0184 -0.0178 
3.18145 0.0110708 0.999053 0.0421095 -0.168242 -0.0396507 0.984949 0.985684 -0.0179887 0.167643 0.0499111 -0.0539764 0.272703 0.0082 -0.0284 
3.18141 0.0110708 0.999053 0.0421095 -0.168242 -0.0396507 0.984949 0.985684 -0.0179887 0.167643 0.039715 -0.0535718 0.272886 0.0184 -0.0184 
3.17935 0.0110708 0.999053 0.0421095 -0.168242 -0.0396507 0.984949 0.985684 -0.0179887 0.167643 0.0295189 -0.0531671 0.27307 0.0284 -0.0082 
3.1693 0.0110781 -0.999052 -0.0421095 -0.168242 0.0396495 -0.984949 0.985683 0.017996 -0.167643 0.0499122 -0.0539765 0.272703 0.0278 -0.0084 
3.16925 0.0110781 -0.999052 -0.0421095 -0.168242 0.0396495 -0.984949 0.985683 0.017996 -0.167643 0.02952 -0.0531671 0.27307 0.0074 -0.0288 
3.16894 0.0110781 -0.999052 -0.0421095 -0.168242 0.0396495 -0.984949 0.985683 0.017996 -0.167643 0.0397161 -0.0535718 0.272886 0.0178 -0.0188 
3.05175 -0.999052 -0.0110781 -0.0421095 0.0396495 0.168242 -0.984949 0.017996 -0.985684 -0.167643 -0.120075 0.0182171 0.134757 0.0014 -0.0144 
3.04661 0.102555 -0.994457 -0.0232275 -0.993475 -0.103569 0.0477749 -0.0499157 0.0181764 -0.998589 0.0474925 -0.184866 0.117767 0.0074 -0.0262 
3.02992 0.0232312 -0.994457 0.102551 -0.0477744 -0.103566 -0.993475 0.998588 0.0181803 -0.0499156 0.0352197 -0.0408389 0.266935 0.0062 -0.0248 
3.02583 -0.999052 0.0110708 0.0421095 0.0396507 -0.168242 0.984949 0.0179887 0.985685 0.167643 -0.120075 0.0182173 0.134756 0.0142 -0.0018 
3.01468 0.0232312 -0.994457 0.102551 -0.0477744 -0.103566 -0.993475 0.998588 0.0181803 -0.0499156 0.0515465 -0.0391386 0.266636 0.0228 -0.0084 
3.0034 0.102555 -0.994457 -0.0232275 -0.993475 -0.103569 0.0477749 -0.0499157 0.0181764 -0.998589 0.0556559 -0.184015 0.117618 0.0154 -0.0178 
2.90583 -0.00284484 0.998198 0.059952 0.0959143 0.0599482 -0.993584 -0.995386 0.00292367 -0.095912 0.0468496 -0.0184222 -0.0330955 0.0082 -0.0224 
2.89633 -0.0028375 -0.998198 -0.059952 0.0959147 -0.0599475 0.993584 -0.995386 -0.00293098 0.095912 0.0468507 -0.0184221 -0.0330955 0.0218 -0.0088 
2.8946 -0.00284484 0.998198 0.059952 0.0959143 0.0599482 -0.993584 -0.995386 0.00292367 -0.095912 0.0314311 -0.0193482 -0.0331407 0.0238 -0.0068 
2.85564 0.0421132 -0.999052 0.0110745 0.984949 0.0396537 -0.168242 0.167643 0.017993 0.985684 0.0460731 0.15921 0.156955 0.0242 -0.0244 
2.83894 0.0421059 0.999053 -0.0110745 0.984949 -0.0396465 0.168242 0.167643 -0.0179917 -0.985684 0.046072 0.15921 0.156955 0.0238 -0.0244 
2.8019 0.0232312 -0.994457 0.102551 -0.0477744 -0.103566 -0.993475 0.998588 0.0181803 -0.0499156 0.0433831 -0.0399888 0.266786 0.0144 -0.0168 
2.76849 0.997672 -0.0465148 -0.049871 0.00169129 -0.714185 0.699957 -0.0681754 -0.698411 -0.712443 0.168973 -0.0203185 0.124263 0.0288 -0.0244 
2.75727 0.997672 0.0465222 0.049871 0.00168604 0.714185 -0.699957 -0.0681805 0.698411 0.712443 0.168973 -0.0203193 0.124262 0.0242 -0.0294 
2.75457 -0.0599519 -0.00284139 -0.998198 0.993583 0.0959182 -0.0599478 0.0959156 -0.995386 -0.00292732 0.0446038 0.139712 0.132845 0.0078 -0.0264 
2.70399 0.0232239 0.994458 -0.102551 -0.0477752 0.103565 0.993475 0.998588 -0.018173 0.0499156 0.043382 -0.0399889 0.266786 0.0164 -0.0148 
2.68327 -0.102551 0.0232272 0.994457 0.993476 -0.0477712 0.103566 0.0499119 0.998589 -0.0181766 0.0310025 0.134747 0.133441 0.0188 -0.0168 
2.67931 -0.102551 0.0232272 0.994457 0.993476 -0.0477712 0.103566 0.0499119 0.998589 -0.0181766 0.0308118 0.135139 0.125244 0.0268 -0.0088 
2.66708 -0.102551 -0.0232279 -0.994457 0.993475 0.0477785 -0.103566 0.0499193 -0.998589 0.0181766 0.0310025 0.134747 0.133442 0.0164 -0.0194 
2.66265 -0.102551 -0.0232279 -0.994457 0.993475 0.0477785 -0.103566 0.0499193 -0.998589 0.0181766 0.0308118 0.135139 0.125245 0.0084 -0.0274 
2.65581 0.994456 0.102555 -0.0232275 0.103569 -0.993475 0.0477749 -0.0181764 -0.0499157 -0.998589 0.198821 -0.0158594 0.105892 0.0044 -0.0234 
2.64361 0.0498747 -0.997672 -0.0465185 -0.699957 -0.00169124 -0.714185 0.712443 0.0681806 -0.698411 0.0461405 -0.132696 0.230797 0.0218 -0.0208 
2.63922 0.0498673 0.997673 0.0465185 -0.699957 0.00168609 0.714185 0.712444 -0.0681754 0.698411 0.0461394 -0.132696 0.230797 0.0204 -0.0224 
2.60526 -0.0232312 0.994457 0.102551 0.0477744 0.103566 -0.993475 -0.998588 -0.0181803 -0.0499156 0.0347301 -0.00934577 -0.0319713 0.0262 -0.0234 
2.58865 0.0421096 -0.0110743 -0.999053 0.984948 0.168245 0.0396501 0.167647 -0.985684 0.0179923 0.0256803 0.160019 0.157323 0.0018 -0.0134 
2.56792 0.0421095 0.0110746 0.999053 0.98495 -0.168238 -0.0396501 0.16764 0.985685 -0.0179923 0.0256803 0.16002 0.157322 0.0132 -0.0022 
2.50436 0.102551 -0.0232272 0.994457 -0.993476 0.0477712 0.103566 -0.0499119 -0.998589 -0.0181766 0.029949 -0.176239 0.110368 0.0082 -0.0088 
2.50432 0.102551 0.0232279 -0.994457 -0.993475 -0.0477785 -0.103566 -0.0499193 0.998589 0.0181766 0.029949 -0.176239 0.110367 0.0084 -0.0084 
2.47561 -0.0110781 0.999052 -0.0421095 0.168242 -0.0396495 -0.984949 -0.985683 -0.017996 -0.167643 0.0368224 0.00695293 -0.0211078 0.0222 -0.0248 
2.45962 0.0028375 0.998198 -0.059952 -0.0959147 0.0599475 0.993584 0.995386 0.00293098 0.095912 0.0376776 -0.00929142 0.269201 0.0254 -0.0238 
2.44573 0.00284484 -0.998198 0.059952 -0.0959143 -0.0599482 -0.993584 0.995386 -0.00292367 -0.095912 0.0376787 -0.00929136 0.269201 0.0234 -0.0258 
2.43274 -0.059952 0.00284095 0.998198 0.993584 -0.0959109 0.0599478 0.0959083 0.995387 0.00292732 0.0137667 0.13786 0.132753 0.0254 -0.0084 
2.40651 0.0498673 0.997673 0.0465185 -0.699957 0.00168609 0.714185 0.712444 -0.0681754 0.698411 0.0467563 -0.0939132 0.240785 0.0232 -0.0232 
2.37142 0.102547 0.994458 0.0232275 -0.993476 0.103562 -0.0477749 -0.0499155 -0.0181768 0.998589 0.0552735 -0.183231 0.101223 0.0174 -0.0158 
2.36897 0.0498747 -0.997672 -0.0465185 -0.699957 -0.00169124 -0.714185 0.712443 0.0681806 -0.698411 0.0472561 -0.100913 0.247909 0.0228 -0.0234 
2.35749 0.102547 0.994458 0.0232275 -0.993476 0.103562 -0.0477749 -0.0499155 -0.0181768 0.998589 0.0471101 -0.184081 0.101373 0.0258 -0.0074 
2.35569 0.102547 0.994458 0.0232275 -0.993476 0.103562 -0.0477749 -0.0499155 -0.0181768 0.998589 0.0634369 -0.182381 0.101074 0.0094 -0.0238 
2.34428 -0.0028375 -0.998198 -0.059952 0.0959147 -0.0599475 0.993584 -0.995386 -0.00293098 0.095912 0.0368264 0.019483 -0.0294143 0.0234 -0.0258 
2.335 0.0232239 0.994458 -0.102551 -0.0477752 0.103565 0.993475 0.998588 -0.018173 0.0499156 0.0343767 -0.0326837 0.267345 0.0282 -0.0102 
2.33446 0.0232312 -0.994457 0.102551 -0.0477744 -0.103566 -0.993475 0.998588 0.0181803 -0.0499156 0.0507046 -0.0309833 0.267046 0.0262 -0.0122 
2.33435 0.0232312 -0.994457 0.102551 -0.0477744 -0.103566 -0.993475 0.998588 0.0181803 -0.0499156 0.0343778 -0.0326836 0.267345 0.0098 -0.0284 
2.33185 -0.0232239 -0.994458 -0.102551 0.0477752 -0.103565 0.993475 -0.998588 0.018173 0.0499156 0.0437364 -0.0166508 -0.0325303 0.0258 -0.0124 
2.32227 -0.00284484 0.998198 0.059952 0.0959143 0.0599482 -0.993584 -0.995386 0.00292367 -0.095912 0.0368253 0.0194829 -0.0294143 0.0254 -0.0238 
2.28891 0.00284484 -0.998198 0.059952 -0.0959143 -0.0599482 -0.993584 0.995386 -0.00292367 -0.095912 0.0395308 -0.0399858 0.266238 0.0178 -0.0194 
2.28665 0.00284484 -0.998198 0.059952 -0.0959143 -0.0599482 -0.993584 0.995386 -0.00292367 -0.095912 0.0318215 -0.0404488 0.266216 0.0102 -0.0268 
2.28054 0.0232239 0.994458 -0.102551 -0.0477752 0.103565 0.993475 0.998588 -0.018173 0.0499156 0.0507035 -0.0309834 0.267046 0.0118 -0.0264 
2.27303 -0.0498747 0.997672 -0.0465185 0.699957 0.00169124 -0.714185 -0.712443 -0.0681806 -0.698411 0.0327924 0.102075 0.0413004 0.0228 -0.0234 
2.2622 -0.0498673 -0.997673 0.0465185 0.699957 -0.00168609 0.714185 -0.712444 0.0681754 0.698411 0.0327935 0.102075 0.0413003 0.0228 -0.0232 
2.24432 0.102555 -0.994457 -0.0232275 -0.993475 -0.103569 0.0477749 -0.0499157 0.0181764 -0.998589 0.0552746 -0.183231 0.101223 0.0152 -0.0178 
2.23349 -0.00284484 0.998198 0.059952 0.0959143 0.0599482 -0.993584 -0.995386 0.00292367 -0.095912 0.0463866 -0.0107486 -0.0323547 0.0114 -0.0258 
2.23315 -0.0028375 -0.998198 -0.059952 0.0959147 -0.0599475 0.993584 -0.995386 -0.00293098 0.095912 0.0386784 -0.0112115 -0.0323773 0.0174 -0.0194 
2.23155 -0.0465221 0.997672 0.049871 -0.714184 0.00168604 -0.699957 -0.69841 -0.0681806 0.712443 0.03079 -0.133853 0.00615492 0.0212 -0.0222 
2.22762 0.102555 -0.994457 -0.0232275 -0.993475 -0.103569 0.0477749 -0.0499157 0.0181764 -0.998589 0.063438 -0.182381 0.101074 0.0234 -0.0098 
2.22626 0.102555 -0.994457 -0.0232275 -0.993475 -0.103569 0.0477749 -0.0499157 0.0181764 -0.998589 0.0471112 -0.184081 0.101373 0.0068 -0.0262 
2.19169 -0.0465148 -0.997673 -0.049871 -0.714184 -0.00169129 0.699957 -0.698411 0.0681754 -0.712443 0.0307911 -0.133853 0.00615484 0.0214 -0.0214 
2.12338 -0.0465183 -0.0498712 0.997673 -0.714187 0.699954 0.00168867 -0.698408 -0.712446 -0.068178 0.00957029 -0.105325 0.035669 0.0132 -0.0098 
2.10103 0.0465187 -0.0498708 -0.997673 0.714181 0.699959 -0.00168867 0.698413 -0.712441 0.068178 0.0581474 0.108989 0.242826 0.0148 -0.0118 
2.09625 -0.102551 0.0232272 0.994457 0.993476 -0.0477712 0.103566 0.0499119 0.998589 -0.0181766 0.0226484 0.134289 0.125393 0.0272 -0.0088 
2.0912 -0.102551 0.0232272 0.994457 0.993476 -0.0477712 0.103566 0.0499119 0.998589 -0.0181766 0.0228391 0.133897 0.133591 0.0188 -0.0172 
2.06199 0.0465183 0.0498712 0.997673 0.714187 -0.699954 0.00168867 0.698408 0.712446 -0.068178 0.0571053 0.109944 0.2276 0.0228 -0.0034 
2.04384 -0.997672 -0.0498747 -0.0465185 -0.00169123 0.699957 -0.714185 0.0681805 -0.712443 -0.698411 -0.0998991 0.00384401 0.150588 0.0158 -0.0118 
2.0438 -0.997672 -0.0498747 -0.0465185 -0.00169123 0.699957 -0.714185 0.0681805 -0.712443 -0.698411 -0.100476 0.0119407 0.142347 0.0042 -0.0234 
2.01937 0.997672 0.0498747 -0.0465185 0.00169123 -0.699957 -0.714185 -0.0681805 0.712443 -0.698411 0.169472 0.00430072 0.132179 0.0114 -0.0162 
2.01914 0.997672 0.0498747 -0.0465185 0.00169123 -0.699957 -0.714185 -0.0681805 0.712443 -0.698411 0.168895 0.0123974 0.123938 0.0232 -0.0044 
2.00732 -0.0232312 0.994457 0.102551 0.0477744 0.103566 -0.993475 -0.998588 -0.0181803 -0.0499156 0.0445771 -0.0248063 -0.03294 0.0082 -0.0232 
2.00545 -0.0232312 0.994457 0.102551 0.0477744 0.103566 -0.993475 -0.998588 -0.0181803 -0.0499156 0.0364137 -0.0256564 -0.0327908 0.0164 -0.0148 
1.97358 -0.102551 -0.0232279 -0.994457 0.993475 0.0477785 -0.103566 0.0499193 -0.998589 0.0181766 0.0226484 0.134289 0.125394 0.0084 -0.0274 
1.96892 -0.102551 -0.0232279 -0.994457 0.993475 0.0477785 -0.103566 0.0499193 -0.998589 0.0181766 0.0228391 0.133897 0.133592 0.0168 -0.0192 
1.93536 0.0465183 0.0498712 0.997673 0.714187 -0.699954 0.00168867 0.698408 0.712446 -0.068178 0.0215533 0.095602 0.215998 0.0208 -0.0024 
1.92859 -0.0110708 -0.999053 0.0421095 0.168242 0.0396507 0.984949 -0.985684 0.0179887 0.167643 0.0257679 -0.0127468 -0.0243461 0.0018 -0.0258 
1.92626 -0.0110708 -0.999053 0.0421095 0.168242 0.0396507 0.984949 -0.985684 0.0179887 0.167643 0.035964 -0.0131515 -0.0245297 0.0118 -0.0154 
1.9159 -0.0465183 -0.0498712 0.997673 -0.714187 0.699954 0.00168867 -0.698408 -0.712446 -0.068178 0.00852823 -0.10437 0.0204437 0.0018 -0.0214 
1.9114 0.0465183 0.0498712 0.997673 0.714187 -0.699954 0.00168867 0.698408 0.712446 -0.068178 0.0456764 0.0946862 0.229646 0.0114 -0.0162 
1.9114 0.0465183 0.0498712 0.997673 0.714187 -0.699954 0.00168867 0.698408 0.712446 -0.068178 0.0450996 0.102783 0.221405 0.0232 -0.0044 
1.89306 0.0465187 -0.0498708 -0.997673 0.714181 0.699959 -0.00168867 0.698413 -0.712441 0.068178 0.0450996 0.102782 0.221405 0.0042 -0.0234 
1.89306 0.0465187 -0.0498708 -0.997673 0.714181 0.699959 -0.00168867 0.698413 -0.712441 0.068178 0.0456765 0.0946854 0.229647 0.0158 -0.0118 
1.88229 -0.997672 0.0498673 0.0465185 -0.00168609 -0.699957 0.714185 0.0681753 0.712444 0.698411 -0.110453 0.0119246 0.143028 0.0232 -0.0044 
1.88228 -0.997672 0.0498673 0.0465185 -0.00168609 -0.699957 0.714185 0.0681753 0.712444 0.698411 -0.0899225 0.00386167 0.149905 0.0114 -0.0162 
1.85108 -0.994456 -0.0232312 0.102551 -0.103566 0.0477745 -0.993475 0.0181803 -0.998589 -0.0499156 -0.101851 -0.0228558 0.120772 0.0082 -0.0274 
1.84234 0.997672 -0.0498673 0.0465185 0.00168609 0.699957 0.714185 -0.0681753 -0.712444 0.698411 0.168895 0.0123967 0.123938 0.0042 -0.0234 
1.84229 0.997672 -0.0498673 0.0465185 0.00168609 0.699957 0.714185 -0.0681753 -0.712444 0.698411 0.169472 0.00429995 0.13218 0.0158 -0.0118 
1.82892 0.0110708 0.999053 0.0421095 -0.168242 -0.0396507 0.984949 0.985684 -0.0179887 0.167643 0.0392852 -0.0636239 0.271175 0.0148 -0.0128 
1.82517 0.0110708 0.999053 0.0421095 -0.168242 -0.0396507 0.984949 0.985684 -0.0179887 0.167643 0.0290891 -0.0632193 0.271359 0.0248 -0.0024 
1.82449 0.0110708 0.999053 0.0421095 -0.168242 -0.0396507 0.984949 0.985684 -0.0179887 0.167643 0.0494813 -0.0640286 0.270992 0.0044 -0.0228 
1.82344 0.0110781 -0.999052 -0.0421095 -0.168242 0.0396495 -0.984949 0.985683 0.017996 -0.167643 0.0494824 -0.0640286 0.270992 0.0224 -0.0048 
1.82147 -0.00284484 0.998198 0.059952 0.0959143 0.0599482 -0.993584 -0.995386 0.00292367 -0.095912 0.0386773 -0.0112116 -0.0323773 0.0192 -0.0178 
1.82139 0.0110781 -0.999052 -0.0421095 -0.168242 0.0396495 -0.984949 0.985683 0.017996 -0.167643 0.0392863 -0.063624 0.271175 0.0122 -0.0152 
1.81196 0.0110781 -0.999052 -0.0421095 -0.168242 0.0396495 -0.984949 0.985683 0.017996 -0.167643 0.0290902 -0.0632193 0.271359 0.0018 -0.0254 
1.78715 -0.102551 0.0232272 0.994457 0.993476 -0.0477712 0.103566 0.0499119 0.998589 -0.0181766 -0.00165111 0.131346 0.134038 0.0132 -0.0168 
1.78645 0.0465187 -0.0498708 -0.997673 0.714181 0.699959 -0.00168867 0.698413 -0.712441 0.068178 0.0344895 0.117046 0.236162 0.0038 -0.0234 
1.77386 0.0465187 -0.0498708 -0.997673 0.714181 0.699959 -0.00168867 0.698413 -0.712441 0.068178 0.0350663 0.10895 0.244403 0.0154 -0.0118 
1.74189 0.0465183 0.0498712 0.997673 0.714187 -0.699954 0.00168867 0.698408 0.712446 -0.068178 0.0350663 0.10895 0.244403 0.0114 -0.0158 
1.73368 0.0465183 0.0498712 0.997673 0.714187 -0.699954 0.00168867 0.698408 0.712446 -0.068178 0.0340242 0.109905 0.229177 0.0232 -0.0044 
1.66889 0.998197 -0.0028375 -0.059952 0.0599474 0.0959148 0.993584 0.00293098 -0.995386 0.095912 0.209724 -0.0307549 0.115947 0.0078 -0.0088 
1.66477 -0.102551 -0.0232279 -0.994457 0.993475 0.0477785 -0.103566 0.0499193 -0.998589 0.0181766 0.0389752 0.135989 0.125096 0.0082 -0.0268 
1.66388 -0.102551 -0.0232279 -0.994457 0.993475 0.0477785 -0.103566 0.0499193 -0.998589 0.0181766 0.0391659 0.135597 0.133293 0.0164 -0.0188 
1.65707 -0.102551 0.0232272 0.994457 0.993476 -0.0477712 0.103566 0.0499119 0.998589 -0.0181766 0.0389752 0.135989 0.125095 0.0264 -0.0084 
1.65414 -0.102551 0.0232272 0.994457 0.993476 -0.0477712 0.103566 0.0499119 0.998589 -0.0181766 0.0391659 0.135597 0.133292 0.0182 -0.0168 
1.64019 -0.999052 0.0421059 -0.0110745 0.0396465 0.984949 0.168242 0.0179917 0.167643 -0.985684 -0.130925 -0.00149122 0.131514 0.0254 -0.0284 
1.6065 -0.999051 -0.0421132 0.0110745 0.0396537 -0.984949 -0.168242 0.0179929 -0.167643 0.985684 -0.130925 -0.00149013 0.131515 0.028 -0.0258 
1.59185 -0.102551 0.0232272 0.994457 0.993476 -0.0477712 0.103566 0.0499119 0.998589 -0.0181766 0.0473293 0.136447 0.133143 0.0154 -0.0162 
1.57849 -0.994457 0.0232239 -0.102551 -0.103565 -0.0477752 0.993475 0.0181729 0.998589 0.0499156 -0.12174 -0.0249271 0.121134 0.0268 -0.0084 
1.57806 -0.994457 0.0232239 -0.102551 -0.103565 -0.0477752 0.993475 0.0181729 0.998589 0.0499156 -0.12155 -0.0253192 0.129332 0.0188 -0.0168 
1.57345 -0.102551 0.0232272 0.994457 0.993476 -0.0477712 0.103566 0.0499119 0.998589 -0.0181766 0.0491896 0.11697 0.123947 0.0238 -0.0078 
1.55715 0.102555 -0.994457 -0.0232275 -0.993475 -0.103569 0.0477749 -0.0499157 0.0181764 -0.998589 0.0554653 -0.183623 0.109421 0.0154 -0.0178 
1.55104 0.102555 -0.994457 -0.0232275 -0.993475 -0.103569 0.0477749 -0.0499157 0.0181764 -0.998589 0.0636287 -0.182773 0.109272 0.0238 -0.0098 
1.5453 0.00284095 0.059952 0.998198 -0.0959108 -0.993584 0.0599478 0.995386 -0.0959083 0.00292732 0.0231857 -0.0255641 0.267675 0.0248 -0.0284 
1.54237 -0.994456 -0.0232312 0.102551 -0.103566 0.0477745 -0.993475 0.0181803 -0.998589 -0.0499156 -0.121549 -0.0253193 0.129333 0.0164 -0.0194 
1.54064 0.00284139 -0.0599519 -0.998198 -0.0959181 0.993583 -0.0599478 0.995385 0.0959156 -0.00292732 0.0231857 -0.0255652 0.267675 0.0282 -0.0254 
1.53522 -0.998197 -0.0599556 -0.00284117 -0.0599514 0.993583 0.0959146 -0.00292767 0.095912 -0.995386 -0.131494 -0.0211839 0.125602 0.0282 -0.0254 
1.52614 -0.998197 0.0599483 0.00284117 -0.0599441 -0.993584 -0.0959146 -0.00292697 -0.095912 0.995386 -0.131494 -0.0211828 0.125602 0.0248 -0.0284 
1.4914 -0.00284139 0.0599519 -0.998198 0.0959181 -0.993583 -0.0599478 -0.995385 -0.0959156 -0.00292732 0.0531703 0.00506223 -0.0308506 0.0254 -0.0294 
1.47343 -0.102551 -0.0232279 -0.994457 0.993475 0.0477785 -0.103566 0.0499193 -0.998589 0.0181766 0.0471386 0.136839 0.124947 0.0074 -0.0244 
1.46613 -0.0421132 0.999052 0.0110745 -0.984949 -0.0396537 -0.168242 -0.167643 -0.017993 0.985684 0.0215586 -0.175268 0.10014 0.0298 -0.0118 
1.46201 -0.102551 -0.0232279 -0.994457 0.993475 0.0477785 -0.103566 0.0499193 -0.998589 0.0181766 0.0483548 0.126512 0.132645 0.0158 -0.0158 
1.44834 -0.0421059 -0.999053 -0.0110745 -0.984949 0.0396465 0.168242 -0.167643 0.0179917 -0.985684 0.0317558 -0.175673 0.0999564 0.0218 -0.0202 
1.44593 -0.0421132 0.999052 0.0110745 -0.984949 -0.0396537 -0.168242 -0.167643 -0.017993 0.985684 0.0317547 -0.175672 0.0999564 0.0194 -0.0222 
1.44037 0.0599483 0.998198 0.00284117 -0.993584 0.0599442 -0.0959146 -0.095912 0.00292697 0.995386 0.0472361 -0.161511 0.127088 0.0244 -0.0228 
1.43208 0.0599556 -0.998198 -0.00284117 -0.993583 -0.0599515 0.0959146 -0.095912 -0.00292767 -0.995386 0.0549465 -0.161048 0.127111 0.03 -0.0174 
1.42772 0.0599556 -0.998198 -0.00284117 -0.993583 -0.0599515 0.0959146 -0.095912 -0.00292767 -0.995386 0.0472372 -0.161511 0.127088 0.0224 -0.0248 
1.42669 -0.0599483 -0.998198 0.00284117 0.993584 -0.0599442 -0.0959146 0.095912 -0.00292697 0.995386 0.0292516 0.136564 0.155862 0.0224 -0.0248 
1.42281 -0.0599556 0.998198 -0.00284117 0.993583 0.0599515 0.0959146 0.095912 0.00292767 -0.995386 0.0292505 0.136564 0.155862 0.0244 -0.0228 
1.38755 0.102551 0.0232279 -0.994457 -0.993475 -0.0477785 -0.103566 -0.0499193 0.998589 0.0181766 0.0291142 -0.166696 0.119063 0.0134 -0.0168 
1.31362 -0.00284139 0.0599519 -0.998198 0.0959181 -0.993583 -0.0599478 -0.995385 -0.0959156 -0.00292732 0.0223333 0.00321028 -0.030941 0.0252 -0.0284 
1.23373 0.994456 0.102555 -0.0232275 0.103569 -0.993475 0.0477749 -0.0181764 -0.0499157 -0.998589 0.187192 -0.000584397 0.106893 0.0208 -0.0074 
1.22825 0.0599519 0.00284139 -0.998198 -0.993583 -0.0959182 -0.0599478 -0.0959156 0.995386 -0.00292732 0.024043 -0.160678 0.103957 0.0224 -0.0082 
1.21402 0.994457 -0.102547 0.0232275 0.103562 0.993476 -0.0477749 -0.0181768 0.0499155 0.998589 0.188876 -0.0168962 0.106074 0.0234 -0.0048 
1.21324 0.994457 -0.102547 0.0232275 0.103562 0.993476 -0.0477749 -0.0181768 0.0499155 0.998589 0.188034 -0.00874083 0.106483 0.0152 -0.0132 
1.20936 0.0110708 0.999053 0.0421095 -0.168242 -0.0396507 0.984949 0.985684 -0.0179887 0.167643 0.041434 -0.0133631 0.27973 0.0224 -0.0228 
1.2049 0.0110781 -0.999052 -0.0421095 -0.168242 0.0396495 -0.984949 0.985683 0.017996 -0.167643 0.0414351 -0.0133631 0.27973 0.0224 -0.0228 
1.20299 0.102551 -0.0232272 0.994457 -0.993476 0.0477712 0.103566 -0.0499119 -0.998589 -0.0181766 0.0779039 -0.161203 0.109972 0.0074 -0.0242 
1.15615 -0.0421059 -0.999053 -0.0110745 -0.984949 0.0396465 0.168242 -0.167643 0.0179917 -0.985684 0.0316428 -0.173955 0.0898967 0.0222 -0.0202 
1.11953 -0.0421132 0.999052 0.0110745 -0.984949 -0.0396537 -0.168242 -0.167643 -0.017993 0.985684 0.0316417 -0.173955 0.0898967 0.0198 -0.0224 
1.11901 -0.999051 -0.0421132 0.0110745 0.0396537 -0.984949 -0.168242 0.0179929 -0.167643 0.985684 -0.111916 -0.0206704 0.117673 0.0108 -0.0188 
1.08791 -0.0421132 0.999052 0.0110745 -0.984949 -0.0396537 -0.168242 -0.167643 -0.017993 0.985684 0.0315287 -0.172238 0.0798371 0.0198 -0.0224 
1.08723 -0.0421059 -0.999053 -0.0110745 -0.984949 0.0396465 0.168242 -0.167643 0.0179917 -0.985684 0.0315298 -0.172238 0.079837 0.0218 -0.0204 
1.07976 0.0465187 -0.0498708 -0.997673 0.714181 0.699959 -0.00168867 0.698413 -0.712441 0.068178 0.0692227 0.101866 0.235053 0.0122 -0.0094 
1.07767 -0.0110708 -0.999053 0.0421095 0.168242 0.0396507 0.984949 -0.985684 0.0179887 0.167643 0.0381128 0.0371094 -0.015975 0.0224 -0.0224 
1.07709 -0.0110781 0.999052 -0.0421095 0.168242 -0.0396495 -0.984949 -0.985683 -0.017996 -0.167643 0.0381117 0.0371095 -0.015975 0.0222 -0.0228 
1.0172 0.0465183 0.0498712 0.997673 0.714187 -0.699954 0.00168867 0.698408 0.712446 -0.068178 0.0696878 0.109009 0.242037 0.0088 -0.0124 
0.995049 -0.102551 0.0232272 0.994457 0.993476 -0.0477712 0.103566 0.0499119 0.998589 -0.0181766 0.0146757 0.133046 0.13374 0.0188 -0.0172 
0.900941 -0.059952 0.00284095 0.998198 0.993584 -0.0959109 0.0599478 0.0959083 0.995387 0.00292732 0.00605746 0.137397 0.132731 0.0224 -0.0084 
0.870296 -0.0028375 -0.998198 -0.059952 0.0959147 -0.0599475 0.993584 -0.995386 -0.00293098 0.095912 0.0440726 0.0276196 -0.028651 0.0294 -0.0162 
0.867206 -0.00284484 0.998198 0.059952 0.0959143 0.0599482 -0.993584 -0.995386 0.00292367 -0.095912 0.0440715 0.0276195 -0.028651 0.0158 -0.0298 
0.864744 -0.00284484 0.998198 0.059952 0.0959143 0.0599482 -0.993584 -0.995386 0.00292367 -0.095912 0.0363622 0.0271565 -0.0286736 0.0234 -0.0222 
0.844305 -0.102551 -0.0232279 -0.994457 0.993475 0.0477785 -0.103566 0.0499193 -0.998589 0.0181766 0.00651231 0.132196 0.13389 0.0168 -0.0174 
0.840951 -0.0028375 -0.998198 -0.059952 0.0959147 -0.0599475 0.993584 -0.995386 -0.00293098 0.095912 0.0363633 0.0271566 -0.0286736 0.0214 -0.0238 
0.829785 0.00284484 -0.998198 0.059952 -0.0959143 -0.0599482 -0.993584 0.995386 -0.00292367 -0.095912 0.044925 -0.00115475 0.269965 0.0292 -0.0164 
0.752066 0.102551 -0.0232272 0.994457 -0.993476 0.0477712 0.103566 -0.0499119 -0.998589 -0.0181766 0.0780946 -0.161596 0.118169 0.0158 -0.0158 
0.729523 -0.00284095 -0.059952 0.998198 0.0959108 0.993584 0.0599478 -0.995386 0.0959083 0.00292732 0.0223334 0.00320919 -0.0309411 0.0282 -0.0254 
0.677936 0.0421059 0.999053 -0.0110745 0.984949 -0.0396465 0.168242 0.167643 -0.0179917 -0.985684 0.0450037 0.142945 0.133483 0.0228 -0.0242 
0.657015 0.0421132 -0.999052 0.0110745 0.984949 0.0396537 -0.168242 0.167643 0.017993 0.985684 0.0441626 0.123246 0.13013 0.0238 -0.0234 
0.653111 0.059952 -0.00284095 0.998198 -0.993584 0.0959109 0.0599478 -0.0959083 -0.995387 0.00292732 0.0702986 -0.1579 0.104094 0.0078 -0.0238 
0.493419 -0.998197 -0.0599556 -0.00284117 -0.0599514 0.993583 0.0959146 -0.00292767 0.095912 -0.995386 -0.131472 -0.0219247 0.133289 0.0282 -0.0254 
0.488291 -0.998197 0.0599483 0.00284117 -0.0599441 -0.993584 -0.0959146 -0.00292697 -0.095912 0.995386 -0.131472 -0.0219236 0.13329 0.0252 -0.0284 
0.479717 0.102555 -0.994457 -0.0232275 -0.993475 -0.103569 0.0477749 -0.0499157 0.0181764 -0.998589 0.0539863 -0.16493 0.135011 0.0214 -0.0254 
0.474016 0.102547 0.994458 0.0232275 -0.993476 0.103562 -0.0477749 -0.0499155 -0.0181768 0.998589 0.0621486 -0.16408 0.134862 0.0164 -0.0298 
0.470088 0.102547 0.994458 0.0232275 -0.993476 0.103562 -0.0477749 -0.0499155 -0.0181768 0.998589 0.0539852 -0.16493 0.135011 0.0248 -0.0218 
0.460833 -0.102547 -0.994458 0.0232275 0.993476 -0.103562 -0.0477749 0.0499155 0.0181768 0.998589 0.0313844 0.133962 0.149836 0.0298 -0.0168 
0.458587 -0.102555 0.994457 -0.0232275 0.993475 0.103569 0.0477749 0.0499157 -0.0181764 -0.998589 0.0334343 0.114093 0.148838 0.0164 -0.03 
0.456919 -0.102547 -0.994458 0.0232275 0.993476 -0.103562 -0.0477749 0.0499155 0.0181768 0.998589 0.023221 0.133112 0.149986 0.0214 -0.0248 
0.455629 -0.102555 0.994457 -0.0232275 0.993475 0.103569 0.0477749 0.0499157 -0.0181764 -0.998589 0.0232199 0.133112 0.149986 0.0244 -0.0218 
0.392313 0.102555 -0.994457 -0.0232275 -0.993475 -0.103569 0.0477749 -0.0499157 0.0181764 -0.998589 0.0621497 -0.16408 0.134862 0.0294 -0.0168 
0.166938 0.0599483 0.998198 0.00284117 -0.993584 0.0599442 -0.0959146 -0.095912 0.00292697 0.995386 0.0471703 -0.159289 0.104025 0.0234 -0.0242 
0.0818582 -0.102555 0.994457 -0.0232275 0.993475 0.103569 0.0477749 0.0499157 -0.0181764 -0.998589 0.0224572 0.134681 0.117196 0.0242 -0.0228 
0.0624937 -0.102547 -0.994458 0.0232275 0.993476 -0.103562 -0.0477749 0.0499155 0.0181768 0.998589 0.0224583 0.134681 0.117196 0.0224 -0.0244 
0.062101 0.0465187 -0.0498708 -0.997673 0.714181 0.699959 -0.00168867 0.698413 -0.712441 0.068178 0.0210882 0.0884594 0.209015 0.0018 -0.0212 
