2.28639 0.0580591 0.998307 0.00382636 -0.985634 0.0579302 -0.158657 -0.15861 0.0054401 0.987327 0.00169832 -0.0647481 0.0183205 0.0224 -0.0238 
2.27703 -0.0580591 -0.998307 0.00382636 0.985634 -0.0579302 -0.158657 0.15861 -0.0054401 0.987327 -0.0151388 0.221086 0.0643174 0.0234 -0.0228 
1.9291 0.0580664 -0.998306 -0.00382636 -0.985633 -0.0579374 0.158657 -0.15861 -0.00544126 -0.987327 0.00169942 -0.0647481 0.0183205 0.0234 -0.0228 
1.79183 -0.0580664 0.998306 -0.00382636 0.985633 0.0579374 0.158657 0.15861 0.00544126 -0.987327 -0.0151399 0.221086 0.0643174 0.0224 -0.0238 
1.78153 -0.0517333 0.998445 0.0208308 0.935186 0.0557524 -0.349743 -0.35036 0.00138727 -0.936615 -0.0149166 0.227752 -0.0118118 0.0222 -0.0238 
1.75985 -0.0517259 -0.998445 -0.0208308 0.935186 -0.0557455 0.349743 -0.35036 -0.00138984 0.936615 -0.0149155 0.227752 -0.0118118 0.0234 -0.0224 
1.55976 0.00383002 -0.998306 0.0580628 -0.158657 -0.0579344 -0.985633 0.987326 -0.00543705 -0.15861 0.0389488 -0.0219269 0.27024 0.0292 -0.0282 
1.52241 0.00382269 0.998307 -0.0580628 -0.158657 0.0579332 0.985633 0.987326 0.0054443 0.15861 0.0389477 -0.0219269 0.27024 0.0278 -0.0294 
1.44046 0.0208271 0.998445 0.0517296 -0.349743 0.0557477 -0.935186 -0.936614 0.00138511 0.35036 0.0748362 0.0413417 -0.121713 0.0214 -0.0214 
1.29806 0.0208344 -0.998445 -0.0517296 -0.349743 -0.0557502 0.935186 -0.936614 -0.00139199 -0.35036 0.074629 0.0448392 -0.112347 0.0218 -0.0224 
1.15863 0.00383002 -0.998306 0.0580628 -0.158657 -0.0579344 -0.985633 0.987326 -0.00543705 -0.15861 0.0412933 -0.0607884 0.253858 0.0292 -0.0284 
1.07909 0.00382269 0.998307 -0.0580628 -0.158657 0.0579332 0.985633 0.987326 0.0054443 0.15861 0.0412922 -0.0607884 0.253858 0.0278 -0.0294 
0.917304 0.0580664 -0.998306 -0.00382636 -0.985633 -0.0579374 0.158657 -0.15861 -0.00544126 -0.987327 0.0502157 -0.190503 -0.0020755 0.03 -0.0258 
0.887702 0.0580664 -0.998306 -0.00382636 -0.985633 -0.0579374 0.158657 -0.15861 -0.00544126 -0.987327 0.0493685 -0.183812 0.0821319 0.0282 -0.0274 
0.829198 -0.0580591 -0.998307 0.00382636 0.985634 -0.0579302 -0.158657 0.15861 -0.0054401 0.987327 0.0650557 0.25541 0.0695222 0.0254 -0.0202 
0.781118 -0.0517259 -0.998445 -0.0208308 0.935186 -0.0557455 0.349743 -0.35036 -0.00138984 0.936615 0.0635125 0.241512 -0.0152056 0.0222 -0.0228 
0.768657 0.0208344 -0.998445 -0.0517296 -0.349743 -0.0557502 0.935186 -0.936614 -0.00139199 -0.35036 -0.00206297 -3.80643e-05 -0.107971 0.0234 -0.0062 
0.753595 0.0580591 0.998307 0.00382636 -0.985634 0.0579302 -0.158657 -0.15861 0.0054401 0.987327 0.0493674 -0.183812 0.0821319 0.0268 -0.0284 
0.689258 -0.0580591 -0.998307 0.00382636 0.985634 -0.0579302 -0.158657 0.15861 -0.0054401 0.987327 0.0345388 0.0756181 0.0407492 0.03 -0.0258 
0.67956 -0.00382269 -0.998307 -0.0580628 0.158657 -0.0579332 0.985633 -0.987326 -0.0054443 0.15861 0.0400306 -0.00843158 -0.07196 0.03 -0.0292 
0.631014 0.0208271 0.998445 0.0517296 -0.349743 0.0557477 -0.935186 -0.936614 0.00138511 0.35036 -0.00452577 0.0439285 -0.10309 0.0222 -0.0242 
0.593174 0.0208271 0.998445 0.0517296 -0.349743 0.0557477 -0.935186 -0.936614 0.00138511 0.35036 0.0412905 -0.0682803 -0.0708479 0.0298 -0.0292 
0.56421 -0.00383002 0.998306 0.0580628 0.158657 0.0579344 -0.985633 -0.987326 0.00543705 -0.15861 0.0399913 -0.00684507 -0.0818333 0.0268 -0.0292 
0.474319 -0.0517333 0.998445 0.0208308 0.935186 0.0557524 -0.349743 -0.35036 0.00138727 -0.936615 0.0629941 0.250863 -0.0187092 0.0224 -0.0218 
0.454719 -0.0143112 -0.05292 0.998497 0.225795 0.972634 0.0547855 -0.97407 0.226239 -0.00197047 0.0618508 -0.0422231 -0.138083 0.0202 -0.0204 
0.446703 -0.0143115 0.0529199 -0.998497 0.225802 -0.972632 -0.0547855 -0.974068 -0.226246 0.00197047 0.0618507 -0.042222 -0.138082 0.0198 -0.0208 
0.437663 -0.014315 0.998497 0.05292 0.225798 0.0547864 -0.972633 -0.974069 -0.00197405 -0.226243 0.0395355 -0.0525102 -0.0990746 0.0274 -0.0282 
0.391134 0.0580591 0.998307 0.00382636 -0.985634 0.0579302 -0.158657 -0.15861 0.0054401 0.987327 0.0531178 -0.239785 -0.010006 0.0244 -0.0298 
0.386862 0.998496 -0.0529163 0.0143114 0.0547819 0.972633 -0.225798 -0.0019713 0.226243 0.97407 0.201156 -0.0730988 0.027239 0.0204 -0.0204 
0.270112 0.0208271 0.998445 0.0517296 -0.349743 0.0557477 -0.935186 -0.936614 0.00138511 0.35036 0.076673 0.00786728 -0.0984954 0.0224 -0.0234 
0.264926 -0.0143115 0.0529199 -0.998497 0.225802 -0.972632 -0.0547855 -0.974068 -0.226246 0.00197047 0.0160764 -0.0447335 -0.137992 0.0204 -0.0204 
0.264686 -0.0143112 -0.05292 0.998497 0.225795 0.972634 0.0547855 -0.97407 0.226239 -0.00197047 0.0160765 -0.0447346 -0.137992 0.0198 -0.0208 
0.262613 -0.0580664 0.998306 -0.00382636 0.985633 0.0579374 0.158657 0.15861 0.00544126 -0.987327 0.0644739 0.265266 0.0711083 0.0192 -0.0114 
0.257646 -0.0143077 -0.998497 -0.05292 0.225798 -0.0547847 0.972633 -0.974069 0.00196689 0.226243 0.0403202 -0.0680306 -0.133482 0.0268 -0.0274 
0.250671 0.0529163 0.998497 0.0143114 -0.972633 0.054782 -0.225798 -0.226243 -0.0019713 0.97407 0.049334 -0.227759 -0.00638201 0.0274 -0.0284 
0.246409 -0.014315 0.998497 0.05292 0.225798 0.0547864 -0.972633 -0.974069 -0.00197405 -0.226243 0.0403191 -0.0680306 -0.133482 0.0272 -0.0274 
0.235534 -0.0143077 -0.998497 -0.05292 0.225798 -0.0547847 0.972633 -0.974069 0.00196689 0.226243 0.0395366 -0.0525102 -0.0990746 0.0278 -0.0278 
0.233652 0.0208344 -0.998445 -0.0517296 -0.349743 -0.0557502 0.935186 -0.936614 -0.00139199 -0.35036 0.0766741 0.00786734 -0.0984954 0.0228 -0.0228 
0.227166 0.0529236 -0.998497 -0.0143114 -0.972633 -0.0547891 0.225798 -0.226243 0.00196964 -0.97407 0.0493351 -0.227759 -0.00638201 0.0278 -0.0282 
0.192437 0.998496 -0.0529163 0.0143114 0.0547819 0.972633 -0.225798 -0.0019713 0.226243 0.97407 0.202468 -0.0938015 0.116548 0.0278 -0.0218 
0.18333 -0.998496 0.0529163 0.0143114 -0.0547819 -0.972633 -0.225798 0.0019713 -0.226243 0.97407 -0.0870959 -0.109688 0.11712 0.0214 -0.0282 
0.174861 -0.014315 0.998497 0.05292 0.225798 0.0547864 -0.972633 -0.974069 -0.00197405 -0.226243 0.0358964 0.0143727 -0.083517 0.0274 -0.0264 
0.16321 0.0529236 -0.998497 -0.0143114 -0.972633 -0.0547891 0.225798 -0.226243 0.00196964 -0.97407 0.0484778 -0.212857 -0.0264468 0.0274 -0.0278 
0.158048 0.0529163 0.998497 0.0143114 -0.972633 0.054782 -0.225798 -0.226243 -0.0019713 0.97407 0.0479475 -0.203131 -0.0241844 0.0274 -0.0282 
0.157865 -0.0529236 0.998497 -0.0143114 0.972633 0.0547891 0.225798 0.226243 -0.00196964 -0.97407 0.0341883 0.0497539 0.0346388 0.0274 -0.0278 
0.15764 -0.0529163 -0.998497 0.0143114 0.972633 -0.054782 -0.225798 0.226243 0.0019713 0.97407 0.0341894 0.049754 0.0346388 0.0278 -0.0278 
0.154777 -0.0143077 -0.998497 -0.05292 0.225798 -0.0547847 0.972633 -0.974069 0.00196689 0.226243 0.0358975 0.0143728 -0.083517 0.0258 -0.0278 
0.151736 -0.014315 0.998497 0.05292 0.225798 0.0547864 -0.972633 -0.974069 -0.00197405 -0.226243 0.0383225 -0.0302159 -0.0938887 0.0278 -0.0284 
0.146738 -0.0143077 -0.998497 -0.05292 0.225798 -0.0547847 0.972633 -0.974069 0.00196689 0.226243 0.0381805 -0.0279579 -0.103629 0.0278 -0.0278 
0.144638 0.998496 -0.0529163 0.0143114 0.0547819 0.972633 -0.225798 -0.0019713 0.226243 0.97407 0.210813 -0.0673753 0.00489209 0.0188 -0.0192 
0.136735 0.998496 0.0529236 -0.0143114 0.0547891 -0.972633 0.225798 -0.00196963 -0.226243 -0.97407 0.210813 -0.0673743 0.00489234 0.0188 -0.0194 
0.122084 -0.998496 -0.0529236 -0.0143114 -0.0547891 0.972633 0.225798 0.00196963 0.226243 -0.97407 -0.118363 -0.0906302 0.0278696 0.0202 -0.0208 
0.109841 0.014315 -0.998497 0.05292 -0.225798 -0.0547864 -0.972633 0.974069 0.00197405 -0.226243 0.0412609 -0.073403 0.193777 0.0274 -0.0294 
0.0917106 0.0143077 0.998497 -0.05292 -0.225798 0.0547847 0.972633 0.974069 -0.00196689 0.226243 0.0414029 -0.0756611 0.203518 0.0294 -0.0274 
0.0622167 -0.998496 -0.0529236 -0.0143114 -0.0547891 0.972633 0.225798 0.00196963 0.226243 -0.97407 -0.117051 -0.111333 0.117179 0.0274 -0.0222 
0.0586135 0.00383002 -0.998306 0.0580628 -0.158657 -0.0579344 -0.985633 0.987326 -0.00543705 -0.15861 0.0317623 0.101004 0.279894 0.0188 -0.0184 
0.049944 0.00382269 0.998307 -0.0580628 -0.158657 0.0579332 0.985633 0.987326 0.0054443 0.15861 0.0317612 0.101004 0.279894 0.0178 -0.0192 
0.0463171 0.998496 0.0529236 -0.0143114 0.0547891 -0.972633 0.225798 -0.00196963 -0.226243 -0.97407 0.202468 -0.0938004 0.116548 0.0214 -0.0282 
