8.33155 0.0575915 -0.0143427 0.998238 -0.971142 0.231003 0.0593473 -0.231447 -0.972848 -0.000624932 0.0449026 -0.114804 0.0983002 0.0092 -0.0094 
8.18347 0.0575914 0.0143431 -0.998238 -0.971141 -0.23101 -0.0593473 -0.231454 0.972846 0.000624932 0.0449026 -0.114804 0.0982991 0.0088 -0.0094 
3.39943 0.0575914 0.0143431 -0.998238 -0.971141 -0.23101 -0.0593473 -0.231454 0.972846 0.000624932 0.0750334 -0.0935216 0.102909 0.0098 -0.0102 
2.87941 0.0575915 -0.0143427 0.998238 -0.971142 0.231003 0.0593473 -0.231447 -0.972848 -0.000624932 0.0118922 -0.0875301 0.105263 0.0098 -0.0104 
2.28859 -0.0575915 0.0143427 0.998238 0.971142 -0.231003 0.0593473 0.231447 0.972848 -0.000624932 0.0241697 0.234807 0.181621 0.0102 -0.0108 
2.20089 -0.0575915 0.0143427 0.998238 0.971142 -0.231003 0.0593473 0.231447 0.972848 -0.000624932 -0.00711297 0.232947 0.181641 0.0104 -0.0108 
1.87475 -0.0575914 -0.0143431 -0.998238 0.971141 0.23101 -0.0593473 0.231454 -0.972846 0.000624932 0.0241697 0.234806 0.181622 0.0104 -0.0108 
1.79921 -0.0575914 -0.0143431 -0.998238 0.971141 0.23101 -0.0593473 0.231454 -0.972846 0.000624932 0.0554523 0.236666 0.181603 0.0104 -0.0104 
0.971952 0.0575915 -0.0143427 0.998238 -0.971142 0.231003 0.0593473 -0.231447 -0.972848 -0.000624932 -0.0182386 -0.108813 0.100654 0.0044 -0.0098 
0.916174 0.0575914 0.0143431 -0.998238 -0.971141 -0.23101 -0.0593473 -0.231454 0.972846 0.000624932 0.106892 -0.101373 0.100574 0.0092 -0.0048 
0.849538 -0.0575915 0.0143427 0.998238 0.971142 -0.231003 0.0593473 0.231447 0.972848 -0.000624932 -0.0337883 0.153396 0.163144 0.0104 -0.0054 
0.765857 0.0575914 0.0143431 -0.998238 -0.971141 -0.23101 -0.0593473 -0.231454 0.972846 0.000624932 0.0153477 -0.145798 0.0913752 0.0078 -0.0038 
0.661394 0.0575914 0.0143431 -0.998238 -0.971141 -0.23101 -0.0593473 -0.231454 0.972846 0.000624932 -0.0188145 -0.099101 0.102967 0.0102 -0.0054 
0.631952 -0.0575914 -0.0143431 -0.998238 0.971141 0.23101 -0.0593473 0.231454 -0.972846 0.000624932 -0.0343642 0.163107 0.16546 0.0054 -0.0108 
0.610385 -0.0575915 0.0143427 0.998238 0.971142 -0.231003 0.0593473 0.231447 0.972848 -0.000624932 0.0907663 0.170546 0.165381 0.0102 -0.0058 
0.592522 0.0575915 -0.0143427 0.998238 -0.971142 0.231003 0.0593473 -0.231447 -0.972848 -0.000624932 0.105164 -0.0722392 0.107519 0.0054 -0.0104 
0.352391 -0.0575915 0.0143427 0.998238 0.971142 -0.231003 0.0593473 0.231447 0.972848 -0.000624932 -0.0650709 0.151536 0.163164 0.0104 -0.0058 
0.344586 0.0575915 -0.0143427 0.998238 -0.971142 0.231003 0.0593473 -0.231447 -0.972848 -0.000624932 -0.051249 -0.0815383 0.107617 0.0054 -0.0108 
0.213394 0.0575915 -0.0143427 0.998238 -0.971142 0.231003 0.0593473 -0.231447 -0.972848 -0.000624932 0.136447 -0.0703794 0.107499 0.0058 -0.0104 
0.192419 -0.0575914 -0.0143431 -0.998238 0.971141 0.23101 -0.0593473 0.231454 -0.972846 0.000624932 -0.0650709 0.151536 0.163165 0.0054 -0.0108 
0.185456 0.0575914 0.0143431 -0.998238 -0.971141 -0.23101 -0.0593473 -0.231454 0.972846 0.000624932 -0.051249 -0.081538 0.107616 0.0104 -0.0058 
0.179881 -0.0575915 0.0143427 0.998238 0.971142 -0.231003 0.0593473 0.231447 0.972848 -0.000624932 0.0583319 0.188109 0.170029 0.0104 -0.0108 
0.171156 -0.998237 0.0143392 -0.0575914 -0.0593464 -0.231007 0.971141 0.000621358 0.972847 0.231451 -0.223854 0.025148 0.135494 0.0092 -0.0048 
0.0656056 0.0575914 0.0143431 -0.998238 -0.971141 -0.23101 -0.0593473 -0.231454 0.972846 0.000624932 0.137599 -0.089802 0.102869 0.0098 -0.0054 
