4.66549 0.0339808 0.00443607 -0.999414 0.0235546 -0.999717 -0.00363654 -0.999146 -0.0234172 -0.0340757 0.00577674 0.0040042 -0.144855 0.0282 -0.0278 
4.64415 0.0339809 -0.00443582 0.999414 0.0235472 0.999717 0.00363654 -0.999146 0.0234098 0.0340757 0.00577675 0.0040031 -0.144855 0.0274 -0.0284 
4.5638 -0.0339808 -0.00443607 -0.999414 -0.0235546 0.999717 -0.00363654 0.999146 0.0234172 -0.0340757 -0.00577674 -0.0040042 0.194855 0.0282 -0.0278 
2.81421 0.0339809 -0.00443582 0.999414 0.0235472 0.999717 0.00363654 -0.999146 0.0234098 0.0340757 -0.0154281 0.00392594 -0.145578 0.0274 -0.0284 
2.62071 0.0339808 0.00443607 -0.999414 0.0235546 -0.999717 -0.00363654 -0.999146 -0.0234172 -0.0340757 -0.0154281 0.00392705 -0.145578 0.0278 -0.0278 
2.43708 -0.00443607 0.0339808 -0.999414 0.999716 0.0235546 -0.00363654 0.0234171 -0.999146 -0.0340757 -0.021959 0.169875 0.0282579 0.0252 -0.0258 
2.34949 0.0339809 -0.00443582 0.999414 0.0235472 0.999717 0.00363654 -0.999146 0.0234098 0.0340757 0.0269816 0.00408026 -0.144132 0.0272 -0.0288 
2.3119 0.0339808 0.00443607 -0.999414 0.0235546 -0.999717 -0.00363654 -0.999146 -0.0234172 -0.0340757 0.0269816 0.00408136 -0.144132 0.0282 -0.0278 
2.1738 -0.00443582 -0.0339809 0.999414 0.999716 -0.0235472 0.00363654 0.0234098 0.999146 0.0340757 -0.000709732 0.159955 0.0287456 0.0248 -0.0262 
2.08248 -0.00443607 0.0339808 -0.999414 0.999716 0.0235546 -0.00363654 0.0234171 -0.999146 -0.0340757 -0.000709769 0.159955 0.0287467 0.0258 -0.0254 
1.38202 0.00443607 -0.0339808 -0.999414 -0.999716 -0.0235546 -0.00363654 -0.0234171 0.999146 -0.0340757 0.000754129 -0.169952 0.0210192 0.0258 -0.0254 
