5.25557 0.0339809 -0.00443582 0.999414 0.0235472 0.999717 0.00363654 -0.999146 0.0234098 0.0340757 -0.0154281 0.00392594 -0.145578 0.0274 -0.0284 
5.03308 -0.0339809 0.00443582 0.999414 -0.0235472 -0.999717 0.00363654 0.999146 -0.0234098 0.0340757 0.0154281 -0.00392594 0.195578 0.0274 -0.0284 
4.98084 -0.0339809 0.00443582 0.999414 -0.0235472 -0.999717 0.00363654 0.999146 -0.0234098 0.0340757 -0.00577675 -0.0040031 0.194855 0.0274 -0.0284 
4.66549 0.0339808 0.00443607 -0.999414 0.0235546 -0.999717 -0.00363654 -0.999146 -0.0234172 -0.0340757 0.00577674 0.0040042 -0.144855 0.0282 -0.0278 
4.54587 0.0339809 -0.00443582 0.999414 0.0235472 0.999717 0.00363654 -0.999146 0.0234098 0.0340757 0.00543694 0.00376759 -0.134863 0.0274 -0.0284 
4.53668 0.0339808 0.00443607 -0.999414 0.0235546 -0.999717 -0.00363654 -0.999146 -0.0234172 -0.0340757 -0.0157679 0.00369154 -0.135586 0.0282 -0.0282 
3.88936 -0.0339808 -0.00443607 -0.999414 -0.0235546 0.999717 -0.00363654 0.999146 0.0234172 -0.0340757 -0.00509713 -0.00353319 0.174872 0.0282 -0.0284 
3.72233 -0.0339808 -0.00443607 -0.999414 -0.0235546 0.999717 -0.00363654 0.999146 0.0234172 -0.0340757 0.0157679 -0.00369154 0.185586 0.0278 -0.0282 
2.63955 -0.0339808 -0.00443607 -0.999414 -0.0235546 0.999717 -0.00363654 0.999146 0.0234172 -0.0340757 -0.0475068 -0.0036875 0.173426 0.0278 -0.0282 
2.43703 -0.00443607 0.0339808 -0.999414 0.999716 0.0235546 -0.00363654 0.0234171 -0.999146 -0.0340757 -0.021959 0.169875 0.0282579 0.0252 -0.0258 
1.48973 -0.0339809 0.00443582 0.999414 -0.0235472 -0.999717 0.00363654 0.999146 -0.0234098 0.0340757 -0.0475068 -0.0036864 0.173426 0.0278 -0.0282 
1.38189 0.00443607 -0.0339808 -0.999414 -0.999716 -0.0235546 -0.00363654 -0.0234171 0.999146 -0.0340757 0.000754129 -0.169952 0.0210192 0.0258 -0.0254 
