68.7502 -0.0260658 0.972464 0.231593 -0.00277044 0.2316 -0.972807 -0.999656 -0.0259986 -0.00334269 -0.00308418 -0.0478239 -0.102766 
68.7502 -0.0260631 0.231592 -0.972464 -0.00276602 -0.972807 -0.2316 -0.999656 -0.00334636 0.025995 -0.0356867 -0.0144695 -0.102008 
68.7502 -0.0260587 -0.972464 -0.231593 -0.00276874 -0.2316 0.972807 -0.999657 0.0259913 0.00334269 -0.00234586 0.0181416 -0.102968 
68.7502 -0.0260614 -0.231593 0.972464 -0.00277317 0.972807 0.2316 -0.999656 0.00333902 -0.025995 0.0302567 -0.0152128 -0.103726 
51.3803 0.0260633 -0.285661 0.957976 0.00277311 -0.958277 -0.285826 0.999656 0.0101061 -0.0241837 0.0359593 -0.0157117 0.116203 
51.3803 0.0260587 0.957976 0.285661 0.00277064 -0.285826 0.958277 0.999657 -0.02418 -0.0101025 0.00449561 0.0187198 0.116927 
51.3803 0.0260612 0.285661 -0.957976 0.00276607 0.958278 0.285826 0.999657 -0.0100988 0.0241837 -0.029922 -0.012752 0.117912 
51.3803 0.0260658 -0.957976 -0.285661 0.00276854 0.285826 -0.958277 0.999656 0.0241874 0.0101025 0.00154174 -0.0471835 0.117187 
37.2243 -0.999269 0.0337759 -0.0179305 0.0280659 0.966259 0.256038 0.0259734 0.255347 -0.9665 -0.120604 -0.0107054 -0.0227589 
37.2243 -0.999268 -0.0179342 -0.0337795 0.0280685 0.256038 -0.966259 0.0259779 -0.9665 -0.255347 -0.120698 -0.0441369 0.00977332 
37.2243 -0.999268 -0.0337832 0.0179305 0.028073 -0.966259 -0.256038 0.0259753 -0.255347 0.9665 -0.118916 -0.0116309 0.0431829 
37.2243 -0.999269 0.0179268 0.0337795 0.0280704 -0.256038 0.966259 0.0259708 0.966501 0.255347 -0.118823 0.0218005 0.0106507 
36.1624 0.999269 -0.0324143 0.0202889 -0.0280685 -0.261388 0.964825 -0.0259708 -0.964689 -0.262107 0.120973 0.0150608 0.00330867 
36.1624 0.999268 0.0202925 0.0324179 -0.028073 0.964825 0.261388 -0.0259734 -0.262107 0.964689 0.120939 -0.0172594 0.0369452 
36.1624 0.999268 0.0324216 -0.0202889 -0.0280704 0.261388 -0.964825 -0.0259779 0.964689 0.262107 0.119155 -0.0508705 0.00464769 
36.1624 0.999269 -0.0202852 -0.0324179 -0.0280659 -0.964826 -0.261388 -0.0259753 0.262107 -0.964689 0.119189 -0.0185502 -0.0289888 
