78.0193 -1 4.36e-06 -2.56317e-06 3.54804e-06 0.965926 0.258819 3.60428e-06 0.258819 -0.965926 -0.11 0.000555198 -0.0329798 
78.0193 -1 4.36e-06 -2.56317e-06 3.60428e-06 0.258819 -0.965926 -3.54804e-06 -0.965926 -0.258819 -0.11 -0.0329798 -0.000555198 
78.0193 -1 4.36e-06 -2.56317e-06 -3.54804e-06 -0.965926 -0.258819 -3.60428e-06 -0.258819 0.965926 -0.11 -0.000555198 0.0329798 
78.0193 -1 4.36e-06 -2.56317e-06 -3.60428e-06 -0.258819 0.965926 3.54804e-06 0.965926 0.258819 -0.11 0.0329798 0.000555198 
74.845 1 -4.36e-06 2.56317e-06 3.54804e-06 0.965926 0.258819 -3.60428e-06 -0.258819 0.965926 0.11 0.000555198 0.0329798 
74.845 1 -4.36e-06 2.56317e-06 3.60428e-06 0.258819 -0.965926 3.54804e-06 0.965926 0.258819 0.11 -0.0329798 0.000555198 
74.845 1 -4.36e-06 2.56317e-06 -3.54804e-06 -0.965926 -0.258819 3.60428e-06 0.258819 -0.965926 0.11 -0.000555198 -0.0329798 
74.845 1 -4.36e-06 2.56317e-06 -3.60428e-06 -0.258819 0.965926 -3.54804e-06 -0.965926 -0.258819 0.11 0.0329798 -0.000555198 
70.9953 -3.60428e-06 -0.258819 0.965926 -1 4.36e-06 -2.56317e-06 -3.54804e-06 -0.965926 -0.258819 0.0329798 -0.11 -0.000555198 
70.9953 -3.54804e-06 -0.965926 -0.258819 -1 4.36e-06 -2.56317e-06 3.60428e-06 0.258819 -0.965926 -0.000555198 -0.11 -0.0329798 
70.9953 3.60428e-06 0.258819 -0.965926 1 -4.36e-06 2.56317e-06 -3.54804e-06 -0.965926 -0.258819 -0.0329798 0.11 -0.000555198 
70.9953 3.54804e-06 0.965926 0.258819 1 -4.36e-06 2.56317e-06 3.60428e-06 0.258819 -0.965926 0.000555198 0.11 -0.0329798 
70.9953 -3.60428e-06 -0.258819 0.965926 1 -4.36e-06 2.56317e-06 3.54804e-06 0.965926 0.258819 0.0329798 0.11 0.000555198 
70.9953 3.60428e-06 0.258819 -0.965926 -1 4.36e-06 -2.56317e-06 3.54804e-06 0.965926 0.258819 -0.0329798 -0.11 0.000555198 
70.9953 3.54804e-06 0.965926 0.258819 -1 4.36e-06 -2.56317e-06 -3.60428e-06 -0.258819 0.965926 0.000555198 -0.11 0.0329798 
70.9953 -3.54804e-06 -0.965926 -0.258819 1 -4.36e-06 2.56317e-06 -3.60428e-06 -0.258819 0.965926 -0.000555198 0.11 0.0329798 
64.4035 3.54804e-06 0.965926 0.258819 -3.60428e-06 -0.258819 0.965926 1 -4.36e-06 2.56317e-06 0.000555198 0.0329798 0.11 
64.4035 -3.54804e-06 -0.965926 -0.258819 3.60428e-06 0.258819 -0.965926 1 -4.36e-06 2.56317e-06 -0.000555198 -0.0329798 0.11 
64.4035 -3.60428e-06 -0.258819 0.965926 -3.54804e-06 -0.965926 -0.258819 1 -4.36e-06 2.56317e-06 0.0329798 -0.000555198 0.11 
