60.3467 -0.999972 -0.00193302 0.00720587 -0.00746064 0.258598 -0.965956 3.79739e-06 -0.965983 -0.258605 -0.0980338 -0.0338459 0.0877176 
60.3467 0.999972 -0.00720148 -0.00193202 0.00745614 0.965843 0.25902 7.02328e-07 -0.259027 0.96587 0.0987179 0.000163985 0.118245 
60.3467 -0.999972 0.00192568 -0.00720587 -0.00745874 -0.258598 0.965956 -3.29912e-06 0.965983 0.258605 -0.0985184 0.0311129 0.0878119 
60.3467 -0.999972 -0.00720954 -0.00192935 -0.00746323 0.965956 0.258598 -7.00776e-07 0.258605 -0.965983 -0.0982765 -0.00131935 0.0552844 
60.3467 0.999972 -0.00192835 0.00720515 0.00745873 0.25902 -0.965843 -3.79697e-06 0.96587 0.259027 0.0989681 -0.0333767 0.0858262 
60.3467 0.999972 0.00720882 0.00193202 0.00746323 -0.965843 -0.25902 -1.20059e-06 0.259027 -0.96587 0.0987113 0.00104111 0.0522842 
60.3467 0.999972 0.00193569 -0.00720515 0.00746064 -0.25902 0.965843 3.29871e-06 -0.96587 -0.259027 0.0984761 0.0325818 0.0847034 
60.3467 -0.999972 0.00720219 0.00192935 -0.00745614 -0.965956 -0.258598 1.19904e-06 -0.258605 0.965983 -0.0982757 -0.00141337 0.121245 
