50.9966 -0.00208712 0.156032 -0.98775 1.85361e-05 -0.987752 -0.156033 -0.999998 -0.000343968 0.00205867 -0.0617358 -0.00394493 -0.0970099 
50.9966 -0.00208598 -0.156032 0.98775 1.12797e-05 0.987752 0.156033 -0.999998 0.000336622 -0.00205867 0.00293586 -0.0197087 -0.0931451 
50.9966 0.000404719 -0.2568 0.966464 1 9.37692e-05 -0.000393847 1.05154e-05 0.966465 0.2568 -0.00475541 0.103944 0.00742723 
