1 0.076727 -0.067959 -0.994733 -0.212584 0.973619 -0.082915 0.974126 0.217826 0.060256 -0.005436 -0.005705 0.090101
1 0.937752 -0.347019 -0.014126 0.347301 0.937198 0.032280 0.002037 -0.035177 0.999379 0.090154 0.039181 0.049829
1 -0.081700 -0.569852 0.817676 0.226592 0.788313 0.572030 -0.970558 0.232013 0.064719 0.042858 0.048168 -0.052427
1 -0.942818 -0.290813 -0.162855 -0.333305 0.824720 0.456886 0.001442 0.485040 -0.874491 -0.052736 0.003284 -0.012164
1 -0.077129 0.571011 -0.817311 0.212439 -0.791516 -0.573037 -0.974126 -0.217826 -0.060256 -0.016699 0.025409 -0.052701
1 0.942770 0.333300 0.009810 0.333439 -0.942164 -0.033842 -0.002037 0.035177 -0.999379 0.085473 0.052112 -0.012429
1 0.082275 0.066800 0.994368 -0.226384 -0.970416 0.083922 0.970558 -0.232013 -0.064719 0.054889 0.014932 0.089827
1 -0.937703 0.304485 0.167338 -0.347436 -0.819771 -0.455263 -0.001442 -0.485040 0.874491 -0.047285 -0.011774 0.049564
1 0.079540 -0.960501 -0.266667 -0.000213 0.267499 -0.963558 0.996832 0.076698 0.021072 -0.032070 0.023930 0.103566
1 -0.007591 -0.983178 -0.182491 0.999971 -0.007295 -0.002295 0.000925 -0.182504 0.983205 -0.035593 0.128089 0.063302
1 -0.094767 -0.959229 -0.266267 0.000306 -0.267499 0.963558 -0.995500 0.091232 0.025644 -0.044671 0.087677 -0.040463
1 -0.007645 -0.936550 -0.350451 -0.999971 0.007270 0.002384 0.000315 0.350460 -0.936578 -0.041149 -0.016486 -0.000209
1 -0.079540 0.960501 0.266667 -0.000213 0.267499 -0.963558 -0.996832 -0.076698 -0.021072 -0.043530 0.023930 -0.040566
1 0.007591 0.983178 0.182491 0.999971 -0.007295 -0.002295 -0.000925 0.182504 -0.983205 -0.040007 0.128089 -0.000302
1 0.094767 0.959229 0.266267 0.000306 -0.267499 0.963558 0.995500 -0.091232 -0.025644 -0.030929 0.087677 0.103463
1 0.007645 0.936550 0.350451 -0.999971 0.007270 0.002384 -0.000315 -0.350460 0.936578 -0.034451 -0.016486 0.063209
1 0.227730 -0.069937 -0.971209 -0.524279 0.831689 -0.182824 0.820531 0.550820 0.152734 0.023144 -0.072389 0.055131
1 0.914606 -0.381893 0.132869 0.404320 0.859998 -0.311332 0.004628 0.338467 0.940967 0.109352 -0.009437 0.022144
1 -0.232620 -0.557200 0.797130 0.535757 0.610627 0.583179 -0.811698 0.562727 0.156480 0.048290 0.029647 -0.062866
1 -0.919602 -0.245261 -0.306887 -0.392830 0.582294 0.711770 0.004129 0.775100 -0.631826 -0.037923 -0.033301 -0.029888
1 -0.228122 0.560562 -0.796072 0.524109 -0.618359 -0.585611 -0.820531 -0.550820 -0.152734 -0.009798 0.003372 -0.063531
1 0.919461 0.368513 -0.137077 0.393155 -0.865816 0.309502 -0.004628 -0.338467 -0.940967 0.095036 0.023487 -0.030544
1 0.233181 0.066575 0.970151 -0.535513 -0.823957 0.185256 0.811698 -0.562727 -0.156480 0.081976 -0.047826 0.054466
1 -0.914465 0.258595 0.311259 -0.404645 -0.576496 -0.709869 -0.004129 -0.775100 0.631826 -0.022859 -0.067947 0.021488
