1 0.076727 -0.067959 -0.994733 -0.212584 0.973619 -0.082915 0.974126 0.217826 0.060256 -0.0052057 -0.0063427 0.0930238 
1 0.9377517 -0.3470192 -0.0141255 0.3473012 0.9371977 0.0322795 0.0020367 -0.0351767 0.9993789 0.092967 0.040223 0.049835 
1 -0.081700 -0.569852 0.817676 0.226592 0.788313 0.572030 -0.970558 0.232013 0.064719 0.042613 0.048848 -0.055339 
1 -0.9428184 -0.2908127 -0.1628549 -0.3333047 0.8247200 0.4568855 0.0014417 0.4850402 -0.8744909 -0.0555643 0.0022837 -0.0121599 
1 -0.077129 0.571011 -0.817311 0.212439 -0.791516 -0.573037 -0.974126 -0.217826 -0.060256 -0.016930 0.026046 -0.055624 
1 0.9427697 0.3333004 0.0098102 0.3334391 -0.9421639 -0.0338416 -0.0020367 0.0351767 -0.9993789 0.088301 0.053112 -0.012435 
1 0.082275 0.066800 0.994368 -0.226384 -0.970416 0.083922 0.970558 -0.232013 -0.064719 0.055136 0.014253 0.092739 
1 -0.9377031 0.3044849 0.1673381 -0.3474355 -0.8197707 -0.4552626 -0.0014417 -0.4850402 0.8744909 -0.050098 -0.012816 0.049560 
1 7.9540e-02 -9.6050e-01 -2.6667e-01 -2.1332e-04 2.6750e-01 -9.6356e-01 9.9683e-01 7.6698e-02 2.1072e-02 -0.031832 0.023929 0.106556 
1 -7.5913e-03 -9.8318e-01 -1.8249e-01 9.9997e-01 -7.2950e-03 -2.2947e-03 9.2479e-04 -1.8250e-01 9.8320e-01 -0.035616 0.131089 0.063305 
1 -9.4767e-02 -9.5923e-01 -2.6627e-01 3.0597e-04 -2.6750e-01 9.6356e-01 -9.9550e-01 9.1232e-02 2.5644e-02 -0.044955 0.087678 -0.043449 
1 -7.6446e-03 -9.3655e-01 -3.5045e-01 -9.9997e-01 7.2702e-03 2.3840e-03 3.1518e-04 3.5046e-01 -9.3658e-01 -4.1172e-02 -1.9486e-02 -2.0815e-04 
1 -7.9540e-02 9.6050e-01 2.6667e-01 -2.1332e-04 2.6750e-01 -9.6356e-01 -9.9683e-01 -7.6698e-02 -2.1072e-02 -0.043768 0.023929 -0.043556 
1 7.5913e-03 9.8318e-01 1.8249e-01 9.9997e-01 -7.2950e-03 -2.2947e-03 -9.2479e-04 1.8250e-01 -9.8320e-01 -3.9984e-02 1.3109e-01 -3.0506e-04 
1 9.4767e-02 9.5923e-01 2.6627e-01 3.0597e-04 -2.6750e-01 9.6356e-01 9.9550e-01 -9.1232e-02 -2.5644e-02 -0.030645 0.087678 0.106449 
1 7.6446e-03 9.3655e-01 3.5045e-01 -9.9997e-01 7.2702e-03 2.3840e-03 -3.1518e-04 -3.5046e-01 9.3658e-01 -0.034428 -0.019486 0.063208 
1 0.227730 -0.069937 -0.971209 -0.524279 0.831689 -0.182824 0.820531 0.550820 0.152734 0.023827 -0.073961 0.057592 
1 0.9146059 -0.3818925 0.1328687 0.4043202 0.8599980 -0.3113319 0.0046285 0.3384674 0.9409670 0.1120955 -0.0082236 0.0221583 
1 -0.23262 -0.55720 0.79713 0.53576 0.61063 0.58318 -0.81170 0.56273 0.15648 0.047592 0.031255 -0.065301 
1 -0.9196019 -0.2452608 -0.3068868 -0.3928304 0.5822939 0.7117702 0.0041290 0.7751004 -0.6318256 -0.040682 -0.034479 -0.029875 
1 -0.22812 0.56056 -0.79607 0.52411 -0.61836 -0.58561 -0.82053 -0.55082 -0.15273 -0.0104821 0.0049444 -0.0659921 
1 0.9194609 0.3685126 -0.1370774 0.3931546 -0.8658158 0.3095020 -0.0046285 -0.3384674 -0.9409670 0.097794 0.024667 -0.030558 
1 0.233181 0.066575 0.970151 -0.535513 -0.823957 0.185256 0.811698 -0.562727 -0.156480 0.082676 -0.049432 0.056901 
1 -0.9144649 0.2585953 0.3112593 -0.4046445 -0.5764959 -0.7098690 -0.0041290 -0.7751004 0.6318256 -0.025602 -0.069161 0.021475 
