8.45971 -0.000772875 0.964652 0.263526 -0.996587 -0.0224973 0.0794297 0.0825507 -0.262565 0.961377 -0.000135325 -0.165291 0.00241317 0.0254 -0.0252 
8.40346 0.0260614 -0.957976 -0.285661 0.00277057 0.285826 -0.958277 0.999657 0.0241826 0.0101032 0.00417579 -0.0007418 0.147 0.0258 -0.0252 
8.40346 0.0260631 0.957976 0.285661 0.00276862 -0.285826 0.958277 0.999656 -0.0241848 -0.0101018 0.00417605 -0.000742092 0.147 0.0252 -0.0258 
8.35957 -0.027987 0.958475 0.283801 -0.999602 -0.0278287 -0.00459028 0.00349815 -0.283817 0.958872 -0.00404622 -0.164477 0.00761982 0.0254 -0.0254 
8.35955 -0.0279887 -0.958475 -0.283801 -0.999602 0.0278309 0.00458891 0.00350009 0.283817 -0.958872 -0.00404648 -0.164477 0.00762012 0.0254 -0.0254 
8.2677 0.0279869 -0.971965 -0.233453 0.999602 0.0263951 0.00994073 -0.00350005 -0.233638 0.972317 0.00462974 0.1454 0.0065351 0.0254 -0.0254 
8.26769 0.0279888 0.971965 0.233453 0.999602 -0.0263973 -0.00993936 -0.00349819 0.233638 -0.972317 0.00463002 0.1454 0.00653538 0.0254 -0.0254 
8.24067 -0.027987 0.958475 0.283801 -0.999602 -0.0278287 -0.00459028 0.00349815 -0.283817 0.958872 -0.00411589 -0.154518 -0.00582271 0.0252 -0.0258 
8.15914 0.0279888 0.971965 0.233453 0.999602 -0.0263973 -0.00993936 -0.00349819 0.233638 -0.972317 0.00428047 0.145363 -0.00687216 0.0254 -0.0254 
8.04812 -0.0279887 -0.958475 -0.283801 -0.999602 0.0278309 0.00458891 0.00350009 0.283817 -0.958872 -0.00439603 -0.164514 -0.00578743 0.0254 -0.0254 
8.02033 0.0260631 0.957976 0.285661 0.00276862 -0.285826 0.958277 0.999656 -0.0241848 -0.0101018 0.00432192 -0.0140935 0.16704 0.0252 -0.0254 
8.02032 0.0260614 -0.957976 -0.285661 0.00277057 0.285826 -0.958277 0.999657 0.0241826 0.0101032 0.00432166 -0.0140932 0.16704 0.0254 -0.0252 
7.98556 -0.0260613 0.972464 0.231593 -0.00276867 0.2316 -0.972807 -0.999657 -0.0259938 -0.00334338 -0.00364262 -0.00157269 -0.152897 0.0254 -0.0258 
7.98555 -0.0260632 -0.972464 -0.231593 -0.00277052 -0.2316 0.972807 -0.999656 0.0259961 0.003342 -0.00364289 -0.00157296 -0.152897 0.0258 -0.0254 
7.72182 -0.0260613 0.972464 0.231593 -0.00276867 0.2316 -0.972807 -0.999657 -0.0259938 -0.00334338 -0.00375737 -0.0149518 -0.142853 0.0252 -0.0254 
7.72179 -0.0260632 -0.972464 -0.231593 -0.00277052 -0.2316 0.972807 -0.999656 0.0259961 0.003342 -0.00375765 -0.0149521 -0.142853 0.0254 -0.0252 
7.45261 -0.0279887 -0.958475 -0.283801 -0.999602 0.0278309 0.00458891 0.00350009 0.283817 -0.958872 -0.00369693 -0.16444 0.0210277 0.0254 -0.0248 
7.45228 -0.027987 0.958475 0.283801 -0.999602 -0.0278287 -0.00459028 0.00349815 -0.283817 0.958872 -0.00369667 -0.16444 0.0210274 0.0248 -0.0254 
7.38217 0.0279888 0.971965 0.233453 0.999602 -0.0263973 -0.00993936 -0.00349819 0.233638 -0.972317 0.00497957 0.145437 0.0199429 0.0248 -0.0254 
7.38209 0.0279869 -0.971965 -0.233453 0.999602 0.0263951 0.00994073 -0.00350005 -0.233638 0.972317 0.00497929 0.145437 0.0199426 0.0254 -0.0248 
7.22848 -0.00077472 -0.263526 0.964652 -0.996587 -0.0794293 -0.0224991 0.0825507 -0.961377 -0.262565 -7.75242e-05 -0.174143 0.0166804 0.0124 -0.0188 
7.22727 -0.00077472 -0.263526 0.964652 -0.996587 -0.0794293 -0.0224991 0.0825507 -0.961377 -0.262565 -1.17093e-05 -0.17303 0.0301222 0.0258 -0.0054 
7.19751 -0.0279888 -0.283801 0.958475 -0.999602 0.0045907 -0.0278305 0.00349825 -0.958872 -0.283817 -0.00467593 -0.17451 -0.00575271 0.0024 -0.0284 
7.19376 -0.0279888 -0.283801 0.958475 -0.999602 0.0045907 -0.0278305 0.00349825 -0.958872 -0.283817 -0.00432637 -0.174473 0.00765483 0.0158 -0.0152 
7.12367 0.0279869 -0.233453 0.971965 0.999602 0.00993893 -0.0263955 -0.0034982 0.972317 0.233638 0.00400031 0.135367 -0.00683717 0.0284 -0.0024 
7.12365 0.0279888 0.233453 -0.971965 0.999602 -0.00994115 0.0263969 -0.00350004 -0.972317 -0.233638 0.00400059 0.135367 -0.00683745 0.0024 -0.0284 
7.11968 0.0279869 -0.233453 0.971965 0.999602 0.00993893 -0.0263955 -0.0034982 0.972317 0.233638 0.00434986 0.135404 0.00657037 0.0152 -0.0158 
7.11967 0.0279888 0.233453 -0.971965 0.999602 -0.00994115 0.0263969 -0.00350004 -0.972317 -0.233638 0.00435014 0.135404 0.0065701 0.0158 -0.0152 
7.09003 -0.000774654 -0.964652 -0.263526 -0.996586 0.0224995 -0.0794311 0.0825526 0.262565 -0.961376 -0.000120116 -0.145359 0.000762425 0.0254 -0.0252 
7.07442 0.00488043 0.965715 0.25956 0.0825459 -0.259067 0.962326 0.996575 0.0167291 -0.0809802 0.000707274 -0.010373 0.140093 0.0254 -0.0252 
6.9097 -0.0279869 0.283801 -0.958475 -0.999602 -0.00458848 0.0278291 0.00349999 0.958872 0.283817 -0.0177284 -0.174096 0.00800346 0.0148 -0.0162 
6.82306 0.0279869 -0.971965 -0.233453 0.999602 0.0263951 0.00994073 -0.00350005 -0.233638 0.972317 0.00400031 0.135367 -0.00683745 0.0252 -0.0254 
6.39713 0.00548971 0.964531 0.263914 0.0010734 -0.263924 0.964543 0.999984 -0.00501177 -0.00248419 0.00178781 -0.00920395 0.170437 0.0242 -0.0258 
6.39713 0.00548793 -0.964531 -0.263914 0.00107531 0.263924 -0.964543 0.999984 0.00500955 0.00248556 0.00178755 -0.00920366 0.170437 0.0258 -0.0242 
6.26368 0.999269 0.0324168 -0.0202882 -0.0280685 0.261388 -0.964826 -0.0259735 0.964689 0.262107 0.150042 -0.0187468 0.00319908 0.0148 -0.0162 
6.2632 0.999269 0.0324168 -0.0202882 -0.0280685 0.261388 -0.964826 -0.0259735 0.964689 0.262107 0.149693 -0.0187839 -0.0102085 0.0284 -0.0028 
6.25867 -0.00528468 0.964478 0.26411 -0.999985 -0.00538819 -0.000332474 0.00110241 -0.264108 0.964492 0.000171655 -0.159363 0.0206051 0.0238 -0.0258 
6.25865 -0.00528646 -0.964478 -0.26411 -0.999985 0.00539041 0.0003311 0.00110432 0.264108 -0.964492 0.000171389 -0.159363 0.0206054 0.0258 -0.0238 
6.17603 0.00528467 -0.967319 -0.253507 0.999985 0.00483207 0.00240797 -0.00110431 -0.253516 0.967331 0.00180991 0.150633 0.020263 0.0258 -0.0238 
6.17601 0.00528647 0.967319 0.253507 0.999985 -0.00483429 -0.0024066 -0.00110242 0.253516 -0.967331 0.00181018 0.150633 0.0202633 0.0238 -0.0258 
5.90497 -0.999268 -0.0179294 -0.0337802 0.0280704 0.256038 -0.966259 0.0259735 -0.9665 -0.255347 -0.169698 0.00360511 -0.00194386 0.0028 -0.0282 
5.90483 -0.999268 -0.0179294 -0.0337802 0.0280704 0.256038 -0.966259 0.0259735 -0.9665 -0.255347 -0.169348 0.00364226 0.0114637 0.0162 -0.0148 
5.87512 0.0260631 0.957976 0.285661 0.00276862 -0.285826 0.958277 0.999656 -0.0241848 -0.0101018 0.00455143 0.0126647 0.146953 0.0248 -0.0262 
5.87441 0.0260614 -0.957976 -0.285661 0.00277057 0.285826 -0.958277 0.999657 0.0241826 0.0101032 0.00455117 0.012665 0.146953 0.0262 -0.0248 
5.84665 0.999269 0.0324168 -0.0202882 -0.0280685 0.261388 -0.964826 -0.0259735 0.964689 0.262107 0.140425 -0.00505927 0.00341189 0.0148 -0.0162 
5.84661 0.999269 0.0324168 -0.0202882 -0.0280685 0.261388 -0.964826 -0.0259735 0.964689 0.262107 0.140075 -0.00509641 -0.00999565 0.0282 -0.0028 
5.84644 0.999268 -0.032419 0.0202896 -0.0280704 -0.261388 0.964825 -0.0259753 -0.964689 -0.262107 0.140075 -0.0050967 -0.00999592 0.0028 -0.0282 
5.81337 0.00548793 -0.964531 -0.263914 0.00107531 0.263924 -0.964543 0.999984 0.00500955 0.00248556 0.00184812 0.00225717 0.170425 0.0258 -0.0242 
5.81336 0.00548971 0.964531 0.263914 0.0010734 -0.263924 0.964543 0.999984 -0.00501177 -0.00248419 0.00184839 0.00225689 0.170425 0.0242 -0.0258 
5.62609 -0.00548792 0.967267 0.253703 -0.00107341 0.253701 -0.967282 -0.999984 -0.00558069 -0.000354017 0.000141169 -0.00952597 -0.129558 0.0238 -0.0258 
5.62609 -0.00548972 -0.967267 -0.253703 -0.0010753 -0.253701 0.967282 -0.999984 0.00558291 0.000352644 0.000140899 -0.00952625 -0.129558 0.0258 -0.0238 
5.5366 0.00528462 -0.253507 0.967319 0.999985 0.00240617 -0.00483249 -0.00110247 0.967331 0.253516 -0.00981938 0.130681 0.00888739 0.0128 -0.0178 
5.52255 -0.0260613 0.972464 0.231593 -0.00276867 0.2316 -0.972807 -0.999657 -0.0259938 -0.00334338 -0.00387213 -0.0283309 -0.13281 0.0252 -0.0252 
5.52203 -0.0260632 -0.972464 -0.231593 -0.00277052 -0.2316 0.972807 -0.999656 0.0259961 0.003342 -0.0038724 -0.0283312 -0.13281 0.0252 -0.0252 
5.32797 0.00548971 0.964531 0.263914 0.0010734 -0.263924 0.964543 0.999984 -0.00501177 -0.00248419 0.00172724 -0.0206648 0.17045 0.0242 -0.0258 
5.32797 0.00548793 -0.964531 -0.263914 0.00107531 0.263924 -0.964543 0.999984 0.00500955 0.00248556 0.00172697 -0.0206645 0.17045 0.0258 -0.0242 
5.26271 0.00528651 0.253507 -0.967319 0.999985 -0.00240839 0.00483387 -0.00110427 -0.967331 -0.253516 0.00164157 0.130621 0.00882428 0.0178 -0.0132 
5.24068 -0.00548972 -0.967267 -0.253703 -0.0010753 -0.253701 0.967282 -0.999984 0.00558291 0.000352644 0.000201477 0.00193458 -0.129571 0.0258 -0.0238 
5.24067 -0.00548792 0.967267 0.253703 -0.00107341 0.253701 -0.967282 -0.999984 -0.00558069 -0.000354017 0.000201747 0.00193486 -0.129571 0.0238 -0.0258 
5.20376 -0.999971 -0.0039327 -0.00652675 0.00529249 0.257775 -0.966191 0.00548216 -0.966197 -0.257746 -0.169154 -0.0199384 0.00992352 0.0178 -0.0128 
5.20372 -0.999971 -0.0039327 -0.00652675 0.00529249 0.257775 -0.966191 0.00548216 -0.966197 -0.257746 -0.169217 -0.0199507 -0.0015373 0.0064 -0.0244 
5.15072 -0.0279888 -0.283801 0.958475 -0.999602 0.0045907 -0.0278305 0.00349825 -0.958872 -0.283817 -0.0175185 -0.154141 -0.00547432 0.0028 -0.0282 
5.15062 -0.0279888 -0.283801 0.958475 -0.999602 0.0045907 -0.0278305 0.00349825 -0.958872 -0.283817 -0.017169 -0.154104 0.00793322 0.0162 -0.0148 
5.15059 -0.0279869 0.283801 -0.958475 -0.999602 -0.00458848 0.0278291 0.00349999 0.958872 0.283817 -0.0175182 -0.154141 -0.00547406 0.0282 -0.0028 
5.1433 0.999971 0.00666867 -0.00368419 -0.00529059 0.25985 -0.965634 -0.00548217 0.965626 0.259878 0.140837 -0.0215788 0.00822404 0.0128 -0.0178 
5.14324 0.999971 0.00666867 -0.00368419 -0.00529059 0.25985 -0.965634 -0.00548217 0.965626 0.259878 0.140774 -0.0215911 -0.00323678 0.0244 -0.0064 
5.014 -0.0260632 -0.972464 -0.231593 -0.00277052 -0.2316 0.972807 -0.999656 0.0259961 0.003342 -0.00326752 0.0118339 -0.152944 0.0262 -0.0248 
5.01394 -0.0260613 0.972464 0.231593 -0.00276867 0.2316 -0.972807 -0.999657 -0.0259938 -0.00334338 -0.00326724 0.0118341 -0.152944 0.0248 -0.0262 
4.95137 0.999971 0.00666867 -0.00368419 -0.00529059 0.25985 -0.965634 -0.00548217 0.965626 0.259878 0.150899 -0.0216194 0.01963 0.0014 -0.0292 
4.85422 -0.999268 -0.0179294 -0.0337802 0.0280704 0.256038 -0.966259 0.0259735 -0.9665 -0.255347 -0.149738 -0.0103259 0.0109911 0.0158 -0.0152 
4.85414 -0.999268 0.0179316 0.0337788 0.0280685 -0.256038 0.966259 0.0259753 0.9665 0.255347 -0.149738 -0.0103262 0.0109914 0.0152 -0.0158 
4.80367 -0.00548792 0.967267 0.253703 -0.00107341 0.253701 -0.967282 -0.999984 -0.00558069 -0.000354017 8.05914e-05 -0.0209868 -0.129545 0.0238 -0.0258 
4.8036 -0.00548972 -0.967267 -0.253703 -0.0010753 -0.253701 0.967282 -0.999984 0.00558291 0.000352644 8.03215e-05 -0.0209871 -0.129545 0.0258 -0.0238 
4.76516 0.0279869 -0.233453 0.971965 0.999602 0.00993893 -0.0263955 -0.0034982 0.972317 0.233638 -0.00884227 0.155735 -0.00655878 0.0282 -0.0028 
4.7651 0.0279869 -0.233453 0.971965 0.999602 0.00993893 -0.0263955 -0.0034982 0.972317 0.233638 -0.00849272 0.155772 0.00684876 0.0148 -0.0162 
4.76507 0.0279888 0.233453 -0.971965 0.999602 -0.00994115 0.0263969 -0.00350004 -0.972317 -0.233638 -0.00884199 0.155735 -0.00655906 0.0028 -0.0282 
4.76501 0.0279888 0.233453 -0.971965 0.999602 -0.00994115 0.0263969 -0.00350004 -0.972317 -0.233638 -0.00849244 0.155772 0.00684849 0.0162 -0.0148 
4.76241 0.00548793 -0.964531 -0.263914 0.00107531 0.263924 -0.964543 0.999984 0.00500955 0.00248556 0.0019087 0.013718 0.170412 0.0258 -0.0238 
4.76241 0.00548971 0.964531 0.263914 0.0010734 -0.263924 0.964543 0.999984 -0.00501177 -0.00248419 0.00190897 0.0137177 0.170412 0.0238 -0.0258 
4.66643 0.999268 -0.032419 0.0202896 -0.0280704 -0.261388 0.964825 -0.0259753 -0.964689 -0.262107 0.159685 -0.0190649 -0.0104685 0.0024 -0.0288 
4.5564 -0.999268 -0.0179294 -0.0337802 0.0280704 0.256038 -0.966259 0.0259735 -0.9665 -0.255347 -0.129404 -0.0108502 0.0238792 0.0274 -0.0022 
4.55638 -0.999268 0.0179316 0.0337788 0.0280685 -0.256038 0.966259 0.0259753 0.9665 0.255347 -0.129404 -0.0108505 0.0238794 0.0022 -0.0274 
4.38044 -0.00548792 0.967267 0.253703 -0.00107341 0.253701 -0.967282 -0.999984 -0.00558069 -0.000354017 0.000262325 0.0133957 -0.129583 0.0238 -0.0258 
4.38043 -0.00548972 -0.967267 -0.253703 -0.0010753 -0.253701 0.967282 -0.999984 0.00558291 0.000352644 0.000262055 0.0133954 -0.129583 0.0258 -0.0238 
4.33164 0.00548971 0.964531 0.263914 0.0010734 -0.263924 0.964543 0.999984 -0.00501177 -0.00248419 0.00166666 -0.0321256 0.170463 0.0242 -0.0258 
4.33163 0.00548793 -0.964531 -0.263914 0.00107531 0.263924 -0.964543 0.999984 0.00500955 0.00248556 0.00166639 -0.0321253 0.170463 0.0258 -0.0242 
4.32298 0.0260631 0.957976 0.285661 0.00276862 -0.285826 0.958277 0.999656 -0.0241848 -0.0101018 0.00357116 -0.0409071 0.167134 0.0258 -0.0248 
4.32292 0.0260614 -0.957976 -0.285661 0.00277057 0.285826 -0.958277 0.999657 0.0241826 0.0101032 0.0035709 -0.0409068 0.167134 0.0248 -0.0258 
4.16438 0.0260614 -0.957976 -0.285661 0.00277057 0.285826 -0.958277 0.999657 0.0241826 0.0101032 0.00394628 -0.0275 0.167087 0.0252 -0.0254 
4.16425 0.0260631 0.957976 0.285661 0.00276862 -0.285826 0.958277 0.999656 -0.0241848 -0.0101018 0.00394654 -0.0275003 0.167087 0.0254 -0.0252 
4.13589 -0.0260613 0.972464 0.231593 -0.00276867 0.2316 -0.972807 -0.999657 -0.0259938 -0.00334338 -0.00450813 -0.0417654 -0.14276 0.0258 -0.0248 
4.13585 -0.0260632 -0.972464 -0.231593 -0.00277052 -0.2316 0.972807 -0.999656 0.0259961 0.003342 -0.0045084 -0.0417657 -0.14276 0.0248 -0.0258 
4.13086 -0.000772809 0.263526 -0.964652 -0.996586 0.0794315 0.0224977 0.0825525 0.961376 0.262565 1.95278e-05 -0.133166 0.0268204 0.0078 -0.0278 
4.13073 -0.000772809 0.263526 -0.964652 -0.996586 0.0794315 0.0224977 0.0825525 0.961376 0.262565 -4.62871e-05 -0.13428 0.0133786 0.0214 -0.0144 
4.13069 0.000774711 0.2541 -0.967178 0.996586 -0.0800392 -0.0202299 -0.0825525 -0.963861 -0.253294 0.000259393 0.175775 0.00122909 0.0278 -0.0078 
4.13066 0.000772818 -0.2541 0.967178 0.996587 0.080037 0.0202312 -0.0825507 0.963861 0.253294 0.00025911 0.175775 0.00122936 0.0078 -0.0278 
4.13054 0.000772818 -0.2541 0.967178 0.996587 0.080037 0.0202312 -0.0825507 0.963861 0.253294 0.000193295 0.174662 -0.0122124 0.0214 -0.0144 
4.13046 0.000774711 0.2541 -0.967178 0.996586 -0.0800392 -0.0202299 -0.0825525 -0.963861 -0.253294 0.000193579 0.174662 -0.0122126 0.0144 -0.0214 
4.12808 -0.999268 -0.0179294 -0.0337802 0.0280704 0.256038 -0.966259 0.0259735 -0.9665 -0.255347 -0.168973 0.0170491 0.0114167 0.0212 -0.0148 
4.12796 -0.999268 -0.0179294 -0.0337802 0.0280704 0.256038 -0.966259 0.0259735 -0.9665 -0.255347 -0.169323 0.0170119 -0.00199079 0.0078 -0.0282 
4.04146 0.999269 0.0324168 -0.0202882 -0.0280685 0.261388 -0.964826 -0.0259735 0.964689 0.262107 0.1408 0.00834755 0.00336496 0.0148 -0.0212 
4.04143 0.999268 -0.032419 0.0202896 -0.0280704 -0.261388 0.964825 -0.0259753 -0.964689 -0.262107 0.1408 0.00834726 0.0033647 0.0212 -0.0148 
3.99253 -0.00548792 0.967267 0.253703 -0.00107341 0.253701 -0.967282 -0.999984 -0.00558069 -0.000354017 2.00135e-05 -0.0324476 -0.129533 0.0238 -0.0258 
3.99253 -0.00548972 -0.967267 -0.253703 -0.0010753 -0.253701 0.967282 -0.999984 0.00558291 0.000352644 1.97436e-05 -0.0324479 -0.129533 0.0258 -0.0238 
3.95721 0.999988 0.00491243 0.00051619 -0.00117291 0.337667 -0.941265 -0.0047982 0.941253 0.337668 0.150136 0.0196215 0.0134298 0.0078 -0.0278 
3.9571 0.999988 -0.00491465 -0.000514816 -0.00117495 -0.337667 0.941265 -0.00479982 -0.941253 -0.337669 0.150136 0.0196212 0.0134296 0.0278 -0.0078 
3.95692 0.999988 -0.00491465 -0.000514816 -0.00117495 -0.337667 0.941265 -0.00479982 -0.941253 -0.337669 0.150071 0.0185079 -1.21534e-05 0.0144 -0.0214 
3.95686 0.999988 0.00491243 0.00051619 -0.00117291 0.337667 -0.941265 -0.0047982 0.941253 0.337668 0.150071 0.0185082 -1.19095e-05 0.0214 -0.0144 
3.92313 -0.999988 -0.0045119 -0.00201099 0.0011748 0.178198 -0.983994 0.00479804 -0.983984 -0.178191 -0.139957 -0.0214771 0.00471988 0.0122 -0.0188 
3.92161 -0.999988 -0.0045119 -0.00201099 0.0011748 0.178198 -0.983994 0.00479804 -0.983984 -0.178191 -0.139891 -0.0203637 0.0181616 0.0258 -0.0052 
3.9216 -0.999988 0.00451412 0.00200962 0.00117305 -0.178198 0.983994 0.00479998 0.983984 0.178191 -0.139891 -0.0203639 0.0181619 0.0052 -0.0258 
3.90849 0.999269 0.0324168 -0.0202882 -0.0280685 0.261388 -0.964826 -0.0259735 0.964689 0.262107 0.170377 -0.019271 0.0160871 0.0022 -0.0288 
3.90848 0.999268 -0.032419 0.0202896 -0.0280704 -0.261388 0.964825 -0.0259753 -0.964689 -0.262107 0.170377 -0.0192713 0.0160869 0.0288 -0.0022 
3.90843 0.999268 -0.032419 0.0202896 -0.0280704 -0.261388 0.964825 -0.0259753 -0.964689 -0.262107 0.170027 -0.0193084 0.00267933 0.0154 -0.0154 
3.75098 -0.999971 -0.0039327 -0.00652675 0.00529249 0.257775 -0.966191 0.00548216 -0.966197 -0.257746 -0.168972 0.0144441 0.00988558 0.0228 -0.0128 
3.75071 -0.999971 0.00393492 0.00652538 0.00529059 -0.257775 0.966191 0.00548395 0.966197 0.257746 -0.168972 0.0144438 0.00988585 0.0128 -0.0228 
3.67541 -0.00077472 -0.263526 0.964652 -0.996587 -0.0794293 -0.0224991 0.0825507 -0.961377 -0.262565 0.013476 -0.173046 0.0300574 0.0258 -0.0054 
3.6754 -0.000772809 0.263526 -0.964652 -0.996586 0.0794315 0.0224977 0.0825525 0.961376 0.262565 0.0134763 -0.173046 0.0300577 0.0054 -0.0258 
3.57987 0.000772818 -0.2541 0.967178 0.996587 0.080037 0.0202312 -0.0825507 0.963861 0.253294 0.0136501 0.134783 -0.00897503 0.0188 -0.0122 
3.57984 0.000774711 0.2541 -0.967178 0.996586 -0.0800392 -0.0202299 -0.0825525 -0.963861 -0.253294 0.0136504 0.134783 -0.0089753 0.0122 -0.0188 
3.57712 0.000774711 0.2541 -0.967178 0.996586 -0.0800392 -0.0202299 -0.0825525 -0.963861 -0.253294 0.0137162 0.135896 0.00446643 0.0258 -0.0054 
3.51869 0.999971 0.00666867 -0.00368419 -0.00529059 0.25985 -0.965634 -0.00548217 0.965626 0.259878 0.140958 0.00134289 0.00819875 0.0128 -0.0178 
3.51863 0.999971 -0.00667089 0.00368556 -0.00529249 -0.25985 0.965634 -0.00548395 -0.965626 -0.259878 0.141021 0.00135492 0.0196593 0.0292 -0.0014 
3.51862 0.999971 -0.00667089 0.00368556 -0.00529249 -0.25985 0.965634 -0.00548395 -0.965626 -0.259878 0.140958 0.0013426 0.00819848 0.0178 -0.0128 
3.51853 0.999971 0.00666867 -0.00368419 -0.00529059 0.25985 -0.965634 -0.00548217 0.965626 0.259878 0.140895 0.00133058 -0.00326207 0.0244 -0.0064 
3.51843 0.999971 -0.00667089 0.00368556 -0.00529249 -0.25985 0.965634 -0.00548395 -0.965626 -0.259878 0.140895 0.00133029 -0.00326234 0.0064 -0.0244 
3.51843 0.999971 0.00666867 -0.00368419 -0.00529059 0.25985 -0.965634 -0.00548217 0.965626 0.259878 0.141021 0.0013552 0.0196596 0.0014 -0.0292 
3.48086 0.00528462 -0.253507 0.967319 0.999985 0.00240617 -0.00483249 -0.00110247 0.967331 0.253516 0.0245526 0.140487 -0.00277299 0.0244 -0.0048 
3.48079 0.00528651 0.253507 -0.967319 0.999985 -0.00240839 0.00483387 -0.00110427 -0.967331 -0.253516 0.0245529 0.140487 -0.00277326 0.0048 -0.0244 
3.48064 0.00528651 0.253507 -0.967319 0.999985 -0.00240839 0.00483387 -0.00110427 -0.967331 -0.253516 0.0246787 0.140512 0.0201484 0.0278 -0.0018 
3.4806 0.00528462 -0.253507 0.967319 0.999985 0.00240617 -0.00483249 -0.00110247 0.967331 0.253516 0.0246784 0.140512 0.0201487 0.0018 -0.0278 
3.48044 0.00528462 -0.253507 0.967319 0.999985 0.00240617 -0.00483249 -0.00110247 0.967331 0.253516 0.0246155 0.140499 0.00868783 0.0132 -0.0164 
3.4803 0.00528651 0.253507 -0.967319 0.999985 -0.00240839 0.00483387 -0.00110427 -0.967331 -0.253516 0.0246158 0.140499 0.00868756 0.0164 -0.0132 
3.4629 -0.999988 -0.0045119 -0.00201099 0.0011748 0.178198 -0.983994 0.00479804 -0.983984 -0.178191 -0.149926 0.0188603 0.00142753 0.0144 -0.0214 
3.46277 -0.999988 0.00451412 0.00200962 0.00117305 -0.178198 0.983994 0.00479998 0.983984 0.178191 -0.14986 0.0199734 0.0148695 0.0078 -0.0278 
3.45411 -0.999988 -0.0045119 -0.00201099 0.0011748 0.178198 -0.983994 0.00479804 -0.983984 -0.178191 -0.14986 0.0199737 0.0148693 0.0278 -0.0078 
3.45399 -0.999988 0.00451412 0.00200962 0.00117305 -0.178198 0.983994 0.00479998 0.983984 0.178191 -0.149926 0.0188601 0.00142782 0.0214 -0.0144 
3.41676 -0.999268 0.0179316 0.0337788 0.0280685 -0.256038 0.966259 0.0259753 0.9665 0.255347 -0.140095 -0.0106441 -0.00267589 0.0288 -0.0022 
3.41673 -0.999268 -0.0179294 -0.0337802 0.0280704 0.256038 -0.966259 0.0259735 -0.9665 -0.255347 -0.140095 -0.0106438 -0.00267616 0.0022 -0.0288 
3.40084 -0.00528652 -0.26411 0.964478 -0.999985 0.000332897 -0.00538999 0.00110248 -0.964492 -0.264108 0.022914 -0.169509 -0.00243121 0.0048 -0.0244 
3.40082 -0.00528461 0.26411 -0.964478 -0.999985 -0.000330677 0.00538861 0.00110426 0.964492 0.264108 0.0229143 -0.169509 -0.00243094 0.0244 -0.0048 
3.40078 -0.00528652 -0.26411 0.964478 -0.999985 0.000332897 -0.00538999 0.00110248 -0.964492 -0.264108 0.0229769 -0.169496 0.00902961 0.0164 -0.0132 
3.40076 -0.00528652 -0.26411 0.964478 -0.999985 0.000332897 -0.00538999 0.00110248 -0.964492 -0.264108 0.0230399 -0.169484 0.0204904 0.0278 -0.0018 
3.40075 -0.00528461 0.26411 -0.964478 -0.999985 -0.000330677 0.00538861 0.00110426 0.964492 0.264108 0.0229772 -0.169496 0.00902988 0.0132 -0.0164 
3.40074 -0.00528461 0.26411 -0.964478 -0.999985 -0.000330677 0.00538861 0.00110426 0.964492 0.264108 0.0230401 -0.169484 0.0204907 0.0018 -0.0278 
3.35566 0.00377512 -0.965559 -0.260156 -0.999765 -0.00919962 0.0196364 -0.0213535 0.260021 -0.965367 0.000219412 -0.126568 0.00389054 0.0248 -0.0254 
3.35527 0.0037769 0.965559 0.260156 -0.999765 0.00920184 -0.0196378 -0.0213554 -0.260021 0.965367 0.00021968 -0.126568 0.00389025 0.0254 -0.0248 
3.2537 -0.00528461 0.26411 -0.964478 -0.999985 -0.000330677 0.00538861 0.00110426 0.964492 0.264108 0.000151562 -0.139388 -0.00233836 0.0244 -0.0114 
3.25361 -0.00528652 -0.26411 0.964478 -0.999985 0.000332897 -0.00538999 0.00110248 -0.964492 -0.264108 0.000151275 -0.139388 -0.00233863 0.0114 -0.0244 
3.25355 -0.00528461 0.26411 -0.964478 -0.999985 -0.000330677 0.00538861 0.00110426 0.964492 0.264108 0.000214469 -0.139375 0.00912246 0.0132 -0.0228 
3.25347 -0.00528652 -0.26411 0.964478 -0.999985 0.000332897 -0.00538999 0.00110248 -0.964492 -0.264108 0.000214183 -0.139375 0.00912219 0.0228 -0.0132 
3.25061 -0.0279888 -0.283801 0.958475 -0.999602 0.0045907 -0.0278305 0.00349825 -0.958872 -0.283817 0.00942551 -0.174812 0.020714 0.0292 -0.0018 
3.25059 -0.0279869 0.283801 -0.958475 -0.999602 -0.00458848 0.0278291 0.00349999 0.958872 0.283817 0.00942581 -0.174812 0.0207143 0.0018 -0.0292 
3.24981 -0.0279888 -0.283801 0.958475 -0.999602 0.0045907 -0.0278305 0.00349825 -0.958872 -0.283817 0.00872641 -0.174886 -0.00610108 0.0022 -0.0288 
3.24981 -0.0279869 0.283801 -0.958475 -0.999602 -0.00458848 0.0278291 0.00349999 0.958872 0.283817 0.0087267 -0.174886 -0.00610082 0.0288 -0.0022 
3.24744 -0.0279888 -0.283801 0.958475 -0.999602 0.0045907 -0.0278305 0.00349825 -0.958872 -0.283817 0.00907596 -0.174849 0.00730646 0.0158 -0.0154 
3.24739 -0.0279869 0.283801 -0.958475 -0.999602 -0.00458848 0.0278291 0.00349999 0.958872 0.283817 0.00907626 -0.174849 0.00730672 0.0154 -0.0158 
3.21545 0.0279869 -0.233453 0.971965 0.999602 0.00993893 -0.0263955 -0.0034982 0.972317 0.233638 0.0174027 0.13499 -0.00718554 0.0288 -0.0022 
3.21543 0.0279888 0.233453 -0.971965 0.999602 -0.00994115 0.0263969 -0.00350004 -0.972317 -0.233638 0.0174029 0.13499 -0.00718582 0.0022 -0.0288 
3.21305 0.0279869 -0.233453 0.971965 0.999602 0.00993893 -0.0263955 -0.0034982 0.972317 0.233638 0.0177522 0.135027 0.006222 0.0154 -0.0158 
3.21302 0.0279888 0.233453 -0.971965 0.999602 -0.00994115 0.0263969 -0.00350004 -0.972317 -0.233638 0.0177525 0.135027 0.00622172 0.0158 -0.0154 
3.20966 0.0279888 0.233453 -0.971965 0.999602 -0.00994115 0.0263969 -0.00350004 -0.972317 -0.233638 0.018102 0.135064 0.0196293 0.0292 -0.0022 
3.20966 0.0279869 -0.233453 0.971965 0.999602 0.00993893 -0.0263955 -0.0034982 0.972317 0.233638 0.0181018 0.135064 0.0196295 0.0022 -0.0292 
3.17787 -0.999971 -0.0039327 -0.00652675 0.00529249 0.257775 -0.966191 0.00548216 -0.966197 -0.257746 -0.129158 -0.00870154 -0.00176927 0.0048 -0.0244 
3.17778 -0.999971 0.00393492 0.00652538 0.00529059 -0.257775 0.966191 0.00548395 0.966197 0.257746 -0.129158 -0.00870183 -0.001769 0.0244 -0.0048 
3.17771 -0.999971 0.00393492 0.00652538 0.00529059 -0.257775 0.966191 0.00548395 0.966197 0.257746 -0.129095 -0.00868951 0.00969182 0.0132 -0.0164 
3.17765 -0.999971 -0.0039327 -0.00652675 0.00529249 0.257775 -0.966191 0.00548216 -0.966197 -0.257746 -0.129032 -0.00867691 0.0211524 0.0278 -0.0018 
3.17753 -0.999971 0.00393492 0.00652538 0.00529059 -0.257775 0.966191 0.00548395 0.966197 0.257746 -0.129032 -0.0086772 0.0211526 0.0018 -0.0278 
3.17743 -0.999971 -0.0039327 -0.00652675 0.00529249 0.257775 -0.966191 0.00548216 -0.966197 -0.257746 -0.129095 -0.00868923 0.00969155 0.0164 -0.0132 
3.11315 -0.999268 0.0179316 0.0337788 0.0280685 -0.256038 0.966259 0.0259753 0.9665 0.255347 -0.138995 0.0162067 0.0106378 0.0154 -0.0204 
3.09504 -0.999268 0.0179316 0.0337788 0.0280685 -0.256038 0.966259 0.0259753 0.9665 0.255347 -0.139345 0.0161696 -0.00276976 0.0288 -0.0072 
3.07453 0.999269 0.0324168 -0.0202882 -0.0280685 0.261388 -0.964826 -0.0259735 0.964689 0.262107 0.170429 0.00746832 -0.0108218 0.0288 -0.0072 
3.07452 0.999268 -0.032419 0.0202896 -0.0280704 -0.261388 0.964825 -0.0259753 -0.964689 -0.262107 0.170429 0.00746803 -0.0108221 0.0072 -0.0288 
3.05742 -0.999971 0.00393492 0.00652538 0.00529059 -0.257775 0.966191 0.00548395 0.966197 0.257746 -0.139155 -0.0200974 0.0097593 0.0132 -0.0174 
3.05696 -0.999971 0.00393492 0.00652538 0.00529059 -0.257775 0.966191 0.00548395 0.966197 0.257746 -0.139218 -0.0201097 -0.00170152 0.0244 -0.0062 
3.05687 -0.999971 -0.0039327 -0.00652675 0.00529249 0.257775 -0.966191 0.00548216 -0.966197 -0.257746 -0.139092 -0.0200848 0.0212198 0.0292 -0.0018 
2.96108 0.999971 0.00666867 -0.00368419 -0.00529059 0.25985 -0.965634 -0.00548217 0.965626 0.259878 0.170955 0.0126327 -0.00343921 0.0244 -0.0114 
2.94284 0.000772818 -0.2541 0.967178 0.996587 0.080037 0.0202312 -0.0825507 0.963861 0.253294 -0.0133099 0.154746 -0.0104966 0.0204 -0.0114 
2.94279 0.000774711 0.2541 -0.967178 0.996586 -0.0800392 -0.0202299 -0.0825525 -0.963861 -0.253294 -0.0133097 0.154746 -0.0104969 0.0114 -0.0204 
2.93779 0.000772818 -0.2541 0.967178 0.996587 0.080037 0.0202312 -0.0825507 0.963861 0.253294 -0.0132441 0.155859 0.00294512 0.0068 -0.0252 
2.90517 -0.999971 -0.0039327 -0.00652675 0.00529249 0.257775 -0.966191 0.00548216 -0.966197 -0.257746 -0.139036 0.014273 -0.00173973 0.0114 -0.0244 
2.90515 -0.999971 0.00393492 0.00652538 0.00529059 -0.257775 0.966191 0.00548395 0.966197 0.257746 -0.139036 0.0142728 -0.00173946 0.0244 -0.0114 
2.8877 0.00377512 -0.965559 -0.260156 -0.999765 -0.00919962 0.0196364 -0.0213535 0.260021 -0.965367 0.000232584 -0.126771 0.0133667 0.0244 -0.0254 
2.88746 0.0037769 0.965559 0.260156 -0.999765 0.00920184 -0.0196378 -0.0213554 -0.260021 0.965367 0.000232852 -0.126771 0.0133664 0.0254 -0.0244 
2.87679 0.999268 -0.032419 0.0202896 -0.0280704 -0.261388 0.964825 -0.0259753 -0.964689 -0.262107 0.130432 -0.00477886 0.00367137 0.0152 -0.0144 
2.87313 -0.0279869 0.283801 -0.958475 -0.999602 -0.00458848 0.0278291 0.00349999 0.958872 0.283817 -0.00355612 -0.134526 -0.00589241 0.0284 -0.0078 
2.87283 -0.0279869 0.283801 -0.958475 -0.999602 -0.00458848 0.0278291 0.00349999 0.958872 0.283817 -0.00320657 -0.134489 0.00751513 0.0152 -0.0212 
2.85376 -0.00077472 -0.263526 0.964652 -0.996587 -0.0794293 -0.0224991 0.0825507 -0.961377 -0.262565 -0.013484 -0.153082 0.0285359 0.0252 -0.0068 
2.85362 -0.000772809 0.263526 -0.964652 -0.996586 0.0794315 0.0224977 0.0825525 0.961376 0.262565 -0.0134837 -0.153082 0.0285361 0.0068 -0.0252 
2.83967 -0.00077472 -0.263526 0.964652 -0.996587 -0.0794293 -0.0224991 0.0825507 -0.961377 -0.262565 -0.0135498 -0.154196 0.0150941 0.0118 -0.0204 
2.83963 -0.000772809 0.263526 -0.964652 -0.996586 0.0794315 0.0224977 0.0825525 0.961376 0.262565 -0.0135495 -0.154196 0.0150944 0.0204 -0.0118 
2.73895 0.00528462 -0.253507 0.967319 0.999985 0.00240617 -0.00483249 -0.00110247 0.967331 0.253516 0.013039 0.130548 -0.00269911 0.0244 -0.0062 
2.73894 0.00528651 0.253507 -0.967319 0.999985 -0.00240839 0.00483387 -0.00110427 -0.967331 -0.253516 0.0130393 0.130548 -0.00269938 0.0062 -0.0244 
2.73799 0.00528462 -0.253507 0.967319 0.999985 0.00240617 -0.00483249 -0.00110247 0.967331 0.253516 0.013102 0.13056 0.00876171 0.0132 -0.0178 
2.73798 0.00528462 -0.253507 0.967319 0.999985 0.00240617 -0.00483249 -0.00110247 0.967331 0.253516 0.0131649 0.130572 0.0202225 0.0018 -0.0292 
2.73797 0.00528651 0.253507 -0.967319 0.999985 -0.00240839 0.00483387 -0.00110427 -0.967331 -0.253516 0.0131651 0.130572 0.0202223 0.0292 -0.0018 
2.73796 0.00528651 0.253507 -0.967319 0.999985 -0.00240839 0.00483387 -0.00110427 -0.967331 -0.253516 0.0131022 0.13056 0.00876144 0.0178 -0.0132 
2.68695 -0.00077472 -0.263526 0.964652 -0.996587 -0.0794293 -0.0224991 0.0825507 -0.961377 -0.262565 0.0134412 -0.134296 0.0133136 0.0144 -0.0214 
2.68693 -0.000772809 0.263526 -0.964652 -0.996586 0.0794315 0.0224977 0.0825525 0.961376 0.262565 0.0134415 -0.134296 0.0133139 0.0214 -0.0144 
2.68675 0.000772818 -0.2541 0.967178 0.996587 0.080037 0.0202312 -0.0825507 0.963861 0.253294 0.0137469 0.175759 0.00116463 0.0078 -0.0278 
2.62523 -0.00528461 0.26411 -0.964478 -0.999985 -0.000330677 0.00538861 0.00110426 0.964492 0.264108 -0.0228226 -0.149266 -0.00220165 0.0244 -0.0064 
2.62502 -0.00528652 -0.26411 0.964478 -0.999985 0.000332897 -0.00538999 0.00110248 -0.964492 -0.264108 -0.0228229 -0.149266 -0.00220191 0.0064 -0.0244 
2.62502 -0.00528652 -0.26411 0.964478 -0.999985 0.000332897 -0.00538999 0.00110248 -0.964492 -0.264108 -0.02276 -0.149254 0.00925891 0.0178 -0.0128 
2.61493 0.0037769 0.965559 0.260156 -0.999765 0.00920184 -0.0196378 -0.0213554 -0.260021 0.965367 0.000206507 -0.126366 -0.00558594 0.0254 -0.0248 
2.59512 0.00377512 -0.965559 -0.260156 -0.999765 -0.00919962 0.0196364 -0.0213535 0.260021 -0.965367 0.000206239 -0.126366 -0.00558565 0.0248 -0.0254 
2.49102 -0.999268 0.0179316 0.0337788 0.0280685 -0.256038 0.966259 0.0259753 0.9665 0.255347 -0.129378 0.00251919 0.010425 0.0154 -0.0142 
2.49102 -0.999268 0.0179316 0.0337788 0.0280685 -0.256038 0.966259 0.0259753 0.9665 0.255347 -0.129028 0.00255634 0.0238325 0.0022 -0.0274 
2.49088 -0.999268 -0.0179294 -0.0337802 0.0280704 0.256038 -0.966259 0.0259735 -0.9665 -0.255347 -0.129028 0.00255662 0.0238322 0.0274 -0.0022 
2.48748 -0.00528461 0.26411 -0.964478 -0.999985 -0.000330677 0.00538861 0.00110426 0.964492 0.264108 0.0114537 -0.169448 -0.0023681 0.0244 -0.0062 
2.48745 -0.00528652 -0.26411 0.964478 -0.999985 0.000332897 -0.00538999 0.00110248 -0.964492 -0.264108 0.0114534 -0.169448 -0.00236837 0.0062 -0.0244 
2.48641 -0.00528461 0.26411 -0.964478 -0.999985 -0.000330677 0.00538861 0.00110426 0.964492 0.264108 0.0115166 -0.169436 0.00909272 0.0132 -0.0178 
2.48636 -0.00528652 -0.26411 0.964478 -0.999985 0.000332897 -0.00538999 0.00110248 -0.964492 -0.264108 0.0115163 -0.169436 0.00909245 0.0178 -0.0132 
2.48635 -0.00528461 0.26411 -0.964478 -0.999985 -0.000330677 0.00538861 0.00110426 0.964492 0.264108 0.0115795 -0.169423 0.0205535 0.0018 -0.0292 
2.48633 -0.00528652 -0.26411 0.964478 -0.999985 0.000332897 -0.00538999 0.00110248 -0.964492 -0.264108 0.0115792 -0.169423 0.0205533 0.0292 -0.0018 
2.4839 0.00528651 0.253507 -0.967319 0.999985 -0.00240839 0.00483387 -0.00110427 -0.967331 -0.253516 -0.0211841 0.160729 -0.00254396 0.0064 -0.0244 
2.48389 0.00528651 0.253507 -0.967319 0.999985 -0.00240839 0.00483387 -0.00110427 -0.967331 -0.253516 -0.0211212 0.160742 0.00891686 0.0178 -0.0128 
2.48369 0.00528462 -0.253507 0.967319 0.999985 0.00240617 -0.00483249 -0.00110247 0.967331 0.253516 -0.0211844 0.160729 -0.00254369 0.0244 -0.0064 
2.43468 -0.999268 0.0179316 0.0337788 0.0280685 -0.256038 0.966259 0.0259753 0.9665 0.255347 -0.159705 0.00332413 -0.00220334 0.0284 -0.0028 
2.26976 -0.00528461 0.26411 -0.964478 -0.999985 -0.000330677 0.00538861 0.00110426 0.964492 0.264108 0.000171665 -0.159363 0.0206053 0.0014 -0.0292 
2.26976 -0.00528652 -0.26411 0.964478 -0.999985 0.000332897 -0.00538999 0.00110248 -0.964492 -0.264108 0.000171379 -0.159363 0.0206051 0.0292 -0.0014 
2.2506 -0.00528461 0.26411 -0.964478 -0.999985 -0.000330677 0.00538861 0.00110426 0.964492 0.264108 -0.022654 -0.129254 0.00923711 0.0128 -0.0164 
2.25055 -0.00528461 0.26411 -0.964478 -0.999985 -0.000330677 0.00538861 0.00110426 0.964492 0.264108 -0.0225911 -0.129242 0.0206979 0.0014 -0.0278 
2.25051 0.999971 0.00666867 -0.00368419 -0.00529059 0.25985 -0.965634 -0.00548217 0.965626 0.259878 0.15096 -0.0101585 0.0196174 0.0014 -0.0292 
2.25039 -0.00528652 -0.26411 0.964478 -0.999985 0.000332897 -0.00538999 0.00110248 -0.964492 -0.264108 -0.0225914 -0.129242 0.0206977 0.0278 -0.0014 
2.20706 -0.999988 0.00451412 0.00200962 0.00117305 -0.178198 0.983994 0.00479998 0.983984 0.178191 -0.169936 0.00544165 0.00263725 0.0208 -0.0112 
2.19918 -0.999988 0.00451412 0.00200962 0.00117305 -0.178198 0.983994 0.00479998 0.983984 0.178191 -0.16987 0.00655504 0.016079 0.0074 -0.0248 
2.14796 -0.999971 0.00393492 0.00652538 0.00529059 -0.257775 0.966191 0.00548395 0.966197 0.257746 -0.129092 -0.020138 0.0211653 0.0018 -0.0278 
2.13592 0.00528462 -0.253507 0.967319 0.999985 0.00240617 -0.00483249 -0.00110247 0.967331 0.253516 0.00180991 0.150633 0.0202633 0.0014 -0.0292 
2.13592 0.00528651 0.253507 -0.967319 0.999985 -0.00240839 0.00483387 -0.00110427 -0.967331 -0.253516 0.00181019 0.150633 0.020263 0.0292 -0.0014 
2.03926 0.999971 0.00666867 -0.00368419 -0.00529059 0.25985 -0.965634 -0.00548217 0.965626 0.259878 0.170897 -0.0102767 0.0080469 0.0132 -0.0174 
2.03844 0.999971 -0.00667089 0.00368556 -0.00529249 -0.25985 0.965634 -0.00548395 -0.965626 -0.259878 0.170834 -0.0102893 -0.00341419 0.0062 -0.0244 
2.03843 0.999971 0.00666867 -0.00368419 -0.00529059 0.25985 -0.965634 -0.00548217 0.965626 0.259878 0.170834 -0.010289 -0.00341392 0.0244 -0.0062 
1.93576 -0.999268 0.0179316 0.0337788 0.0280685 -0.256038 0.966259 0.0259753 0.9665 0.255347 -0.129779 -0.0242573 0.0239264 0.0018 -0.0274 
1.93576 -0.999268 -0.0179294 -0.0337802 0.0280704 0.256038 -0.966259 0.0259735 -0.9665 -0.255347 -0.129779 -0.024257 0.0239261 0.0274 -0.0018 
1.93545 -0.999268 0.0179316 0.0337788 0.0280685 -0.256038 0.966259 0.0259753 0.9665 0.255347 -0.130128 -0.0242944 0.0105188 0.0154 -0.0142 
1.93544 -0.999268 -0.0179294 -0.0337802 0.0280704 0.256038 -0.966259 0.0259735 -0.9665 -0.255347 -0.130128 -0.0242941 0.0105186 0.0142 -0.0154 
1.74317 -0.999268 0.0179316 0.0337788 0.0280685 -0.256038 0.966259 0.0259753 0.9665 0.255347 -0.130154 -0.0376641 0.0239733 0.0018 -0.0278 
1.74309 -0.999268 -0.0179294 -0.0337802 0.0280704 0.256038 -0.966259 0.0259735 -0.9665 -0.255347 -0.130504 -0.037701 0.0105655 0.0144 -0.0154 
1.74298 -0.999268 0.0179316 0.0337788 0.0280685 -0.256038 0.966259 0.0259753 0.9665 0.255347 -0.130504 -0.0377012 0.0105658 0.0154 -0.0144 
1.65486 -0.999971 -0.0039327 -0.00652675 0.00529249 0.257775 -0.966191 0.00548216 -0.966197 -0.257746 -0.15897 0.00294266 0.0213042 0.0292 -0.0014 
1.65481 -0.999971 0.00393492 0.00652538 0.00529059 -0.257775 0.966191 0.00548395 0.966197 0.257746 -0.15897 0.00294238 0.0213045 0.0014 -0.0292 
1.65434 -0.999971 -0.0039327 -0.00652675 0.00529249 0.257775 -0.966191 0.00548216 -0.966197 -0.257746 -0.159096 0.00291804 -0.00161742 0.0064 -0.0244 
1.65425 -0.999971 0.00393492 0.00652538 0.00529059 -0.257775 0.966191 0.00548395 0.966197 0.257746 -0.159096 0.00291775 -0.00161716 0.0244 -0.0064 
1.6537 -0.999971 -0.0039327 -0.00652675 0.00529249 0.257775 -0.966191 0.00548216 -0.966197 -0.257746 -0.159033 0.00293035 0.0098434 0.0178 -0.0132 
1.65362 -0.999971 0.00393492 0.00652538 0.00529059 -0.257775 0.966191 0.00548395 0.966197 0.257746 -0.159033 0.00293007 0.00984367 0.0132 -0.0178 
1.53757 -0.999268 -0.0179294 -0.0337802 0.0280704 0.256038 -0.966259 0.0259735 -0.9665 -0.255347 -0.128653 0.0159634 0.0237853 0.0274 -0.0022 
1.53754 -0.999268 0.0179316 0.0337788 0.0280685 -0.256038 0.966259 0.0259753 0.9665 0.255347 -0.128653 0.0159632 0.0237856 0.0022 -0.0274 
1.52416 -0.999992 0.00232081 -0.00328835 -0.00380579 -0.279377 0.960174 0.00130969 0.960179 0.279384 -0.130333 0.0226993 0.01674 0.0054 -0.0242 
1.52416 -0.999992 -0.00231859 0.00328697 -0.00380386 0.279377 -0.960174 0.00130794 -0.960179 -0.279384 -0.130333 0.0226996 0.0167398 0.0242 -0.0054 
1.52409 -0.999992 0.00232081 -0.00328835 -0.00380579 -0.279377 0.960174 0.00130969 0.960179 0.279384 -0.130359 0.023104 -0.00221235 0.0244 -0.0052 
1.52405 -0.999992 -0.00231859 0.00328697 -0.00380386 0.279377 -0.960174 0.00130794 -0.960179 -0.279384 -0.130359 0.0231043 -0.00221261 0.0052 -0.0244 
1.52329 -0.999992 0.00232081 -0.00328835 -0.00380579 -0.279377 0.960174 0.00130969 0.960179 0.279384 -0.130346 0.0229016 0.00726384 0.0152 -0.0144 
1.52326 -0.999992 -0.00231859 0.00328697 -0.00380386 0.279377 -0.960174 0.00130794 -0.960179 -0.279384 -0.130346 0.0229019 0.00726357 0.0144 -0.0152 
1.49443 -0.999988 0.00451412 0.00200962 0.00117305 -0.178198 0.983994 0.00479998 0.983984 0.178191 -0.129957 -0.0214891 0.00467219 0.0188 -0.0122 
1.32047 0.999971 -0.00667089 0.00368556 -0.00529249 -0.25985 0.965634 -0.00548395 -0.965626 -0.259878 0.130898 -0.0100653 0.00826596 0.0164 -0.0128 
1.32027 0.999971 -0.00667089 0.00368556 -0.00529249 -0.25985 0.965634 -0.00548395 -0.965626 -0.259878 0.130961 -0.010053 0.0197268 0.0282 -0.0014 
1.30691 0.999971 0.00666867 -0.00368419 -0.00529059 0.25985 -0.965634 -0.00548217 0.965626 0.259878 0.131082 0.012869 0.0197018 0.0014 -0.0282 
1.30686 0.999971 -0.00667089 0.00368556 -0.00529249 -0.25985 0.965634 -0.00548395 -0.965626 -0.259878 0.131082 0.0128687 0.0197015 0.0282 -0.0014 
1.28701 0.999992 -0.000366221 -0.00400636 0.00380389 -0.238133 0.971225 -0.00130973 -0.971232 -0.23813 0.139639 0.0241313 -0.002566 0.0118 -0.0244 
1.28632 0.999992 -0.000366221 -0.00400636 0.00380389 -0.238133 0.971225 -0.00130973 -0.971232 -0.23813 0.139652 0.023929 0.00691019 0.0214 -0.0152 
1.2667 0.999269 0.0324168 -0.0202882 -0.0280685 0.261388 -0.964826 -0.0259735 0.964689 0.262107 0.170752 -0.0058642 0.0160402 0.0022 -0.0288 
1.26669 0.999268 -0.032419 0.0202896 -0.0280704 -0.261388 0.964825 -0.0259753 -0.964689 -0.262107 0.170752 -0.00586449 0.0160399 0.0288 -0.0022 
1.17305 -0.00377506 0.257472 -0.966278 0.999765 0.0216055 0.00185105 0.0213535 -0.966044 -0.257493 -0.0104046 0.173527 0.000832808 0.0118 -0.0244 
1.17261 -0.00377696 -0.257472 0.966278 0.999765 -0.0216077 -0.00184968 0.0213553 0.966044 0.257493 -0.0103917 0.173325 0.0103093 0.0152 -0.0212 
1.1033 -0.999988 -0.0045119 -0.00201099 0.0011748 0.178198 -0.983994 0.00479804 -0.983984 -0.178191 -0.129947 -0.00804692 0.00355844 0.0108 -0.0198 
1.10327 -0.999988 0.00451412 0.00200962 0.00117305 -0.178198 0.983994 0.00479998 0.983984 0.178191 -0.129947 -0.00804718 0.00355874 0.0198 -0.0108 
1.09936 -0.999988 -0.0045119 -0.00201099 0.0011748 0.178198 -0.983994 0.00479804 -0.983984 -0.178191 -0.129881 -0.00693354 0.0170002 0.0244 -0.0064 
1.09933 -0.999988 0.00451412 0.00200962 0.00117305 -0.178198 0.983994 0.00479998 0.983984 0.178191 -0.129881 -0.0069338 0.0170005 0.0064 -0.0244 
1.08796 -0.999971 -0.0039327 -0.00652675 0.00529249 0.257775 -0.966191 0.00548216 -0.966197 -0.257746 -0.129279 -0.0316232 -0.00174398 0.0048 -0.0244 
1.08795 -0.999971 -0.0039327 -0.00652675 0.00529249 0.257775 -0.966191 0.00548216 -0.966197 -0.257746 -0.129153 -0.0315986 0.0211777 0.0278 -0.0014 
1.08794 -0.999971 0.00393492 0.00652538 0.00529059 -0.257775 0.966191 0.00548395 0.966197 0.257746 -0.129279 -0.0316235 -0.00174371 0.0244 -0.0048 
1.08788 -0.999971 0.00393492 0.00652538 0.00529059 -0.257775 0.966191 0.00548395 0.966197 0.257746 -0.129216 -0.0316112 0.00971711 0.0132 -0.0164 
