1 0.419814 0.906550 0.043875 0.277800 -0.174367 0.944681 0.864052 -0.384402 -0.325041 -0.002006 0.053666 0.031486
1 0.419377 -0.905311 0.067348 0.497172 0.166970 -0.851435 0.759568 0.390555 0.520118 0.034726 -0.001083 0.039347
1 0.468651 0.609264 -0.639659 0.395873 0.502474 0.768637 0.789715 -0.613447 -0.005706 -0.001310 0.024445 0.040996
1 0.474777 -0.645787 0.597951 0.404920 -0.442952 -0.799896 0.781426 0.621895 0.051188 0.036575 -0.029249 0.045895
