8.82831 -0.00365028 -0.264027 0.964508 -0.993526 -0.108564 -0.0334787 0.11355 -0.958386 -0.261922 0.0108346 -0.0893717 0.0101294 0.3442 -0.3442 -0.3374 0.3374 
8.82792 0.00407631 -0.270963 0.962581 0.993524 0.110399 0.0268695 -0.113548 0.956238 0.269658 0.0115287 0.0894994 -0.00995502 0.3468 -0.3468 -0.3328 0.3328 
8.71163 0.00363325 0.270981 -0.962578 0.99405 -0.105766 -0.0260227 -0.10886 -0.956757 -0.269753 0.0207798 0.0994133 -0.0109621 0.3388 -0.3388 -0.3252 0.3252 
8.52004 0.00340428 0.263789 -0.964574 -0.108872 -0.958748 -0.26258 -0.99405 0.105909 0.0254554 0.0207523 0.0194032 -0.0724781 -0.3799 0.3799 -1.1646 1.1646 
8.37481 -0.00405928 0.264009 -0.964512 -0.994049 0.103931 0.0326319 0.108858 0.958904 0.262016 0.0200862 -0.079473 0.0089863 0.3292 -0.3292 -0.3266 0.3266 
7.9185 0.00381211 -0.263772 0.964577 -0.113564 0.95823 0.262485 -0.993523 -0.110542 -0.0263022 0.0115754 0.0182546 -0.0824454 1.1842 -1.1842 0.3823 -0.3823 
7.88862 0.00381211 -0.263772 0.964577 -0.113564 0.95823 0.262485 -0.993523 -0.110542 -0.0263022 0.0114702 -0.00886744 -0.0794104 0.2622 -0.2622 -0.2829 0.2829 
7.88606 -0.00338608 -0.271218 0.962512 0.113563 -0.956395 -0.269095 0.993525 0.108394 0.0340386 0.0108931 0.00899511 0.0795848 0.2682 -0.2682 -0.2801 0.2801 
7.82872 0.00407631 -0.270963 0.962581 0.993524 0.110399 0.0268695 -0.113548 0.956238 0.269658 0.0114302 0.0925347 0.017167 1.064 -1.064 0.3308 -0.3308 
7.75693 0.00340428 0.263789 -0.964574 -0.108872 -0.958748 -0.26258 -0.99405 0.105909 0.0254554 0.0207554 -0.0110554 -0.0992568 0.2742 -0.2742 -0.2721 0.2721 
7.7355 -0.00365028 -0.264027 0.964508 -0.993526 -0.108564 -0.0334787 0.11355 -0.958386 -0.261922 0.0109716 -0.0824691 -0.0181047 1.1972 -1.1972 0.3419 -0.3419 
7.69151 0.00363325 0.270981 -0.962578 0.99405 -0.105766 -0.0260227 -0.10886 -0.956757 -0.269753 -0.00668695 0.0826664 0.0182745 -0.3421 0.3421 -1.1942 1.1942 
7.68243 -0.00405928 0.264009 -0.964512 -0.994049 0.103931 0.0326319 0.108858 0.958904 0.262016 -0.00710651 -0.0824148 -0.0182453 -0.3393 0.3393 -1.1878 1.1878 
7.66772 -0.0038303 0.271201 -0.962515 0.108873 0.956914 0.269189 0.994048 -0.103761 -0.0331918 0.0200335 0.0111199 0.0995052 0.2684 -0.2684 -0.2751 0.2751 
7.6542 0.00363325 0.270981 -0.962578 0.99405 -0.105766 -0.0260227 -0.10886 -0.956757 -0.269753 0.0206042 0.0825728 0.0183841 -0.3368 0.3368 -1.1884 1.1884 
7.62306 -0.00405928 0.264009 -0.964512 -0.994049 0.103931 0.0326319 0.108858 0.958904 0.262016 -0.00720498 -0.0793794 0.00887674 0.3222 -0.3222 -0.3298 0.3298 
7.57029 -0.00338608 -0.271218 0.962512 0.113563 -0.956395 -0.269095 0.993525 0.108394 0.0340386 0.0107879 -0.018127 0.0826197 1.1918 -1.1918 0.3858 -0.3858 
7.5344 -0.0038303 0.271201 -0.962515 0.108873 0.956914 0.269189 0.994048 -0.103761 -0.0331918 0.0200365 -0.0193388 0.0727264 -0.3829 0.3829 -1.175 1.175 
7.28624 -0.00338608 -0.271218 0.962512 0.113563 -0.956395 -0.269095 0.993525 0.108394 0.0340386 0.0109623 0.0372294 0.0864877 -0.3836 0.3836 -1.0996 1.0996 
6.34344 0.00381211 -0.263772 0.964577 -0.113564 0.95823 0.262485 -0.993523 -0.110542 -0.0263022 0.011365 -0.0359895 -0.0763755 -0.4008 0.4008 -1.1428 1.1428 
6.28529 0.00340428 0.263789 -0.964574 -0.108872 -0.958748 -0.26258 -0.99405 0.105909 0.0254554 -0.00667707 -0.0369717 -0.0863936 1.123 -1.123 0.3931 -0.3931 
5.9781 0.00340428 0.263789 -0.964574 -0.108872 -0.958748 -0.26258 -0.99405 0.105909 0.0254554 -0.00653883 0.0194968 -0.0725877 -0.3856 0.3856 -1.167 1.167 
5.92349 0.00363325 0.270981 -0.962578 0.99405 -0.105766 -0.0260227 -0.10886 -0.956757 -0.269753 -0.00654993 0.089569 -0.00995959 0.338 -0.338 -0.3348 0.3348 
5.81595 -0.00405928 0.264009 -0.964512 -0.994049 0.103931 0.0326319 0.108858 0.958904 0.262016 0.0201847 -0.0825084 -0.0181358 -0.3328 0.3328 -1.185 1.185 
5.79589 -0.00405928 0.264009 -0.964512 -0.994049 0.103931 0.0326319 0.108858 0.958904 0.262016 0.0199877 -0.0764377 0.0361084 1.2318 -1.2318 0.3369 -0.3369 
5.76904 -0.0038303 0.271201 -0.962515 0.108873 0.956914 0.269189 0.994048 -0.103761 -0.0331918 -0.00729072 -0.018133 0.0825548 -0.3766 0.3766 -1.1742 1.1742 
5.58674 0.00363325 0.270981 -0.962578 0.99405 -0.105766 -0.0260227 -0.10886 -0.956757 -0.269753 0.0208012 0.0765022 -0.03586 1.2294 -1.2294 0.3363 -0.3363 
5.57469 -0.0038303 0.271201 -0.962515 0.108873 0.956914 0.269189 0.994048 -0.103761 -0.0331918 0.0202109 0.0360176 0.0765944 1.1464 -1.1464 0.4043 -0.4043 
5.16514 0.00363325 0.270981 -0.962578 0.99405 -0.105766 -0.0260227 -0.10886 -0.956757 -0.269753 -0.00649001 0.0765958 -0.0359696 1.2238 -1.2238 0.3326 -0.3326 
4.74624 0.00381211 -0.263772 0.964577 -0.113564 0.95823 0.262485 -0.993523 -0.110542 -0.0263022 -0.0158571 -0.00766166 -0.0695821 0.2454 -0.2454 -0.2562 0.2562 
4.2939 0.00381211 -0.263772 0.964577 -0.113564 0.95823 0.262485 -0.993523 -0.110542 -0.0263022 -0.0157158 0.0183482 -0.0825549 1.178 -1.178 0.3829 -0.3829 
4.05424 0.00407631 -0.270963 0.962581 0.993524 0.110399 0.0268695 -0.113548 0.956238 0.269658 0.0116657 0.096402 -0.0381891 -0.3259 0.3259 -0.9202 0.9202 
3.66226 -0.00338608 -0.271218 0.962512 0.113563 -0.956395 -0.269095 0.993525 0.108394 0.0340386 -0.016398 0.0090887 0.0794752 0.2697 -0.2697 -0.2769 0.2769 
3.62952 -0.00338608 -0.271218 0.962512 0.113563 -0.956395 -0.269095 0.993525 0.108394 0.0340386 -0.0165032 -0.0180334 0.0825102 1.1836 -1.1836 0.3861 -0.3861 
3.48093 0.00340428 0.263789 -0.964574 -0.108872 -0.958748 -0.26258 -0.99405 0.105909 0.0254554 0.0205419 -0.0348409 -0.0664082 1.1844 -1.1844 0.4218 -0.4218 
3.20822 -0.0038303 0.271201 -0.962515 0.108873 0.956914 0.269189 0.994048 -0.103761 -0.0331918 -0.00711639 0.0372234 0.0864228 1.1098 -1.1098 0.3896 -0.3896 
3.13307 -0.0038303 0.271201 -0.962515 0.108873 0.956914 0.269189 0.994048 -0.103761 -0.0331918 -0.00729376 0.0123256 0.109334 0.2516 -0.2516 -0.2752 0.2752 
2.78066 0.00340428 0.263789 -0.964574 -0.108872 -0.958748 -0.26258 -0.99405 0.105909 0.0254554 -0.00660795 -0.00873742 -0.0794906 0.2884 -0.2884 -0.2559 0.2559 
2.4731 -0.00365028 -0.264027 0.964508 -0.993526 -0.108564 -0.0334787 0.11355 -0.958386 -0.261922 -0.0164951 -0.099216 0.0111319 0.3326 -0.3326 -0.3236 0.3236 
1.974 -0.00365028 -0.264027 0.964508 -0.993526 -0.108564 -0.0334787 0.11355 -0.958386 -0.261922 0.0107361 -0.0863364 0.0372514 -0.3188 0.3188 -1.0664 1.0664 
1.68916 0.00407631 -0.270963 0.962581 0.993524 0.110399 0.0268695 -0.113548 0.956238 0.269658 -0.0157239 0.0995309 -0.0111766 0.3346 -0.3346 -0.322 0.322 
1.63024 0.00407631 -0.270963 0.962581 0.993524 0.110399 0.0268695 -0.113548 0.956238 0.269658 -0.0158609 0.0926283 0.0170575 1.0682 -1.0682 0.3386 -0.3386 
1.61495 -0.00405928 0.264009 -0.964512 -0.994049 0.103931 0.0326319 0.108858 0.958904 0.262016 -0.00730346 -0.0763441 0.0359988 1.2304 -1.2304 0.3336 -0.3336 
1.56844 -0.00365028 -0.264027 0.964508 -0.993526 -0.108564 -0.0334787 0.11355 -0.958386 -0.261922 -0.0163581 -0.0923134 -0.0171022 1.061 -1.061 0.3374 -0.3374 
1.12451 0.00381211 -0.263772 0.964577 -0.113564 0.95823 0.262485 -0.993523 -0.110542 -0.0263022 -0.0159623 -0.0347837 -0.0665472 -0.4134 0.4134 -1.1721 1.1721 
1.11613 -0.00338608 -0.271218 0.962512 0.113563 -0.956395 -0.269095 0.993525 0.108394 0.0340386 -0.0162567 0.0350986 0.0665024 -0.4053 0.4053 -1.1662 1.1662 
0.849184 0.00381211 -0.263772 0.964577 -0.113564 0.95823 0.262485 -0.993523 -0.110542 -0.0263022 0.0388305 0.0192732 -0.0723979 1.2978 -1.2978 0.3946 -0.3946 
0.574376 0.00381211 -0.263772 0.964577 -0.113564 0.95823 0.262485 -0.993523 -0.110542 -0.0263022 0.0660886 -0.0101668 -0.0891292 0.3456 -0.3456 -0.3424 0.3424 
0.574375 -0.0038303 0.271201 -0.962515 0.108873 0.956914 0.269189 0.994048 -0.103761 -0.0331918 0.0746519 0.00982048 0.0897864 0.3498 -0.3498 -0.3388 0.3388 
0.517814 -0.00338608 -0.271218 0.962512 0.113563 -0.956395 -0.269095 0.993525 0.108394 0.0340386 0.0653703 -0.0183142 0.0828388 1.2872 -1.2872 0.3244 -0.3244 
0.510403 -0.00338608 -0.271218 0.962512 0.113563 -0.956395 -0.269095 0.993525 0.108394 0.0340386 0.0380791 -0.0182206 0.0827293 1.267 -1.267 0.3639 -0.3639 
0.441449 -0.0038303 0.271201 -0.962515 0.108873 0.956914 0.269189 0.994048 -0.103761 -0.0331918 0.0745467 -0.0173016 0.0928213 -0.3136 0.3136 -1.1386 1.1386 
0.434851 0.00381211 -0.263772 0.964577 -0.113564 0.95823 0.262485 -0.993523 -0.110542 -0.0263022 0.0387974 -0.0100732 -0.0892388 0.3164 -0.3164 -0.3004 0.3004 
0.413265 -0.0038303 0.271201 -0.962515 0.108873 0.956914 0.269189 0.994048 -0.103761 -0.0331918 0.0472916 -0.0183202 0.0827739 -0.3206 0.3206 -1.2792 1.2792 
0.404128 -0.00338608 -0.271218 0.962512 0.113563 -0.956395 -0.269095 0.993525 0.108394 0.0340386 0.0654394 0.00992009 0.0897418 0.3498 -0.3498 -0.3384 0.3384 
0.395068 -0.0038303 0.271201 -0.962515 0.108873 0.956914 0.269189 0.994048 -0.103761 -0.0331918 0.0473608 0.00991408 0.0896768 0.3428 -0.3428 -0.3446 0.3446 
0.325412 -0.00365028 -0.264027 0.964508 -0.993526 -0.108564 -0.0334787 0.11355 -0.958386 -0.261922 0.0380872 -0.0994032 0.011351 0.342 -0.342 -0.3282 0.3282 
0.28573 0.00340428 0.263789 -0.964574 -0.108872 -0.958748 -0.26258 -0.99405 0.105909 0.0254554 0.0753017 -0.0101304 -0.0890998 0.3538 -0.3538 -0.3348 0.3348 
0.278625 0.00340428 0.263789 -0.964574 -0.108872 -0.958748 -0.26258 -0.99405 0.105909 0.0254554 0.0479744 -0.00892462 -0.0792715 0.3462 -0.3462 -0.3354 0.3354 
0.245258 -0.00365028 -0.264027 0.964508 -0.993526 -0.108564 -0.0334787 0.11355 -0.958386 -0.261922 0.0380273 -0.08643 0.037361 -0.3198 0.3198 -1.0928 1.0928 
0.159144 -0.00365028 -0.264027 0.964508 -0.993526 -0.108564 -0.0334787 0.11355 -0.958386 -0.261922 0.065554 -0.0826563 -0.0178856 1.2866 -1.2866 0.3241 -0.3241 
0.125915 0.00407631 -0.270963 0.962581 0.993524 0.110399 0.0268695 -0.113548 0.956238 0.269658 0.0662095 0.0862769 -0.036858 -0.3168 0.3168 -1.1454 1.1454 
0.11323 -0.0038303 0.271201 -0.962515 0.108873 0.956914 0.269189 0.994048 -0.103761 -0.0331918 0.047502 0.035924 0.076704 1.2516 -1.2516 0.3231 -0.3231 
0.0363155 0.00407631 -0.270963 0.962581 0.993524 0.110399 0.0268695 -0.113548 0.956238 0.269658 0.03876 0.102379 0.0161646 0.9896 -0.9896 0.3333 -0.3333 
0.0176553 0.00381211 -0.263772 0.964577 -0.113564 0.95823 0.262485 -0.993523 -0.110542 -0.0263022 0.0659473 -0.0361767 -0.0761564 -0.3254 0.3254 -1.284 1.284 
