1 0.2011600 0.9740611 -0.1036296 0.4394093 0.0048206 0.8982733 0.8754736 -0.2262323 -0.4270414 0.014630 0.083023 0.030796 
1 0.228719 -0.971647 0.059918 0.360664 0.027406 -0.932293 0.904218 0.234843 0.356706 0.018149 0.021163 0.057272 
1 0.333447 0.653440 -0.679582 0.365104 0.575084 0.732105 0.869203 -0.492235 -0.046813 -4.0542e-04 5.1968e-02 5.1772e-02 
1 0.415316 -0.695930 0.585828 0.269185 -0.521134 -0.809913 0.868938 0.494065 -0.029101 0.0467294 -0.0030063 0.0515245 

