1 -0.20054 -0.55208 0.80931 0.10775 0.80865 0.57833 -0.97374 0.20318 -0.10268 0.023167 0.035930 -0.082115 
1 0.20168 0.55296 0.80843 -0.10854 -0.80769 0.57953 0.97342 -0.20463 -0.10288 0.052244 0.022872 0.071222 
1 -0.202211 0.561910 -0.802103 0.113582 -0.800039 -0.589097 -0.972733 -0.210226 0.097954 -0.0242266 -0.0019137 -0.0773376 
1 0.224236 -0.557398 -0.799391 -0.070583 0.808836 -0.583784 0.971976 0.187328 0.142027 0.0069888 -0.0105616 0.0778914 

