1 0.080625 0.611785 -0.786905 0.192344 0.765087 0.614529 0.978010 -0.200903 -0.055989 -0.027149 0.019561 0.083277
1 0.924758 0.338188 0.174506 -0.380555 0.823343 0.421051 -0.001284 -0.455780 0.890091 0.066567 -0.028868 0.042707
1 -0.074737 0.119727 0.989990 -0.178577 0.975111 -0.131409 -0.981083 -0.186611 -0.051496 0.020197 -0.032314 -0.060308
1 -0.918962 0.393304 0.028654 0.394341 0.916869 0.062017 -0.001881 0.068291 -0.997663 -0.073524 0.016114 -0.019747
1 -0.081015 -0.118590 -0.989632 -0.192180 -0.972407 0.132259 -0.978010 0.200903 0.055989 -0.039012 -0.008660 -0.060077
1 0.918915 -0.351639 -0.178735 -0.394454 -0.817689 -0.419274 0.001284 0.455780 -0.890091 0.061159 -0.041734 -0.019507
1 0.075298 -0.612922 0.786547 0.178341 -0.767791 -0.615379 0.981083 0.186611 0.051496 0.031177 -0.006192 0.083508
1 -0.924710 -0.379899 -0.024261 0.380668 -0.922504 -0.063864 0.001881 -0.068291 0.997663 -0.068996 0.026885 0.042947
1 0.278603 0.952657 0.121767 0.038873 -0.137870 0.989687 0.959619 -0.270996 -0.075444 0.053282 0.062166 0.066068
1 0.144792 0.844282 0.515969 -0.989460 0.124519 0.073912 -0.001845 -0.521233 0.853412 0.056631 -0.042527 0.027198
1 -0.264029 0.883083 0.387884 -0.036944 0.392600 -0.918967 -0.963807 -0.256964 -0.071033 0.022811 -0.006421 -0.072979
1 -0.130256 0.991461 -0.006329 0.991477 0.130236 -0.003283 -0.002431 -0.006702 -0.999974 0.019459 0.098276 -0.034118
1 -0.278661 -0.879124 -0.386640 -0.038453 -0.392050 0.919139 -0.959619 0.270996 0.075444 0.012957 0.056571 -0.072668
1 0.130090 -0.846288 -0.516599 -0.991500 -0.110067 -0.069369 0.001845 0.521233 -0.853412 0.038241 -0.045079 -0.033798
1 0.264112 -0.956616 -0.123012 0.036341 0.137321 -0.989859 0.963807 0.256964 0.071033 0.060951 -0.001129 0.066379
1 -0.144626 -0.989462 0.006984 0.989483 -0.144639 -0.001436 0.002431 0.006702 0.999974 0.035670 0.100525 0.027518
1 0.094767 0.959228 0.266275 0.000212 -0.267499 0.963558 0.995500 -0.091257 -0.025553 -0.047634 -0.009229 0.095361
1 0.007636 0.936551 0.350451 -0.999971 0.007295 0.002293 -0.000409 -0.350459 0.936578 -0.051243 -0.114389 0.054103
1 -0.079540 0.960500 0.266675 -0.000305 0.267499 -0.963558 -0.996832 -0.076722 -0.020984 -0.060409 -0.072978 -0.050660
1 0.007583 0.983179 0.182491 0.999971 -0.007270 -0.002383 -0.001016 0.182505 -0.983205 -0.056800 0.032186 -0.009411
1 -0.094767 -0.959228 -0.266275 0.000212 -0.267499 0.963558 -0.995500 0.091257 0.025553 -0.061566 -0.009229 -0.050561
1 -0.007636 -0.936551 -0.350451 -0.999971 0.007295 0.002293 0.000409 0.350459 -0.936578 -0.057957 -0.114389 -0.009303
1 0.079540 -0.960500 -0.266675 -0.000305 0.267499 -0.963558 0.996832 0.076722 0.020984 -0.048791 -0.072978 0.095460
1 -0.007583 -0.983179 -0.182491 0.999971 -0.007270 -0.002383 0.001016 -0.182505 0.983205 -0.052400 0.032186 0.054211
