1 0.201160 0.974061 -0.103630 0.439409 0.004821 0.898273 0.875474 -0.226232 -0.427041 0.015434 0.084781 0.034298
1 0.228719 -0.971647 0.059918 0.360664 0.027406 -0.932293 0.904218 0.234843 0.356706 0.019064 0.022606 0.060889
1 0.333447 0.653440 -0.679582 0.365104 0.575084 0.732105 0.869203 -0.492235 -0.046813 0.000928 0.053428 0.055249
1 0.415316 -0.695930 0.585828 0.269185 -0.521134 -0.809913 0.868938 0.494065 -0.029101 0.048391 -0.001930 0.055000
