8.8286 0.000213016 -0.267499 0.963558 -0.00235996 0.963555 0.267498 -0.999997 -0.00233094 -0.000426033 -0.000960679 0.00996578 -0.0899982 0.5026 -0.5026 0.0043 -0.0043 
8.8286 0.000213016 -0.267499 0.963558 0.00235996 -0.963555 -0.267498 0.999997 0.00233094 0.000426033 -0.000960679 -0.00996578 0.0899982 0.5026 -0.5026 0.0043 -0.0043 
8.8286 -0.000213016 0.267499 -0.963558 0.00235996 -0.963555 -0.267498 -0.999997 -0.00233094 -0.000426033 0.000960679 -0.00996578 -0.0899982 0.5026 -0.5026 0.0043 -0.0043 
8.8286 -0.000213016 0.267499 -0.963558 -0.00235996 0.963555 0.267498 0.999997 0.00233094 0.000426033 0.000960679 0.00996578 0.0899982 0.5026 -0.5026 0.0043 -0.0043 
8.8286 -0.999997 -0.00233094 -0.000426033 -0.00235996 0.963555 0.267498 -0.000213016 0.267499 -0.963558 -0.0899982 0.00996578 0.000960679 0.5026 -0.5026 0.0043 -0.0043 
8.8286 -0.999997 -0.00233094 -0.000426033 0.00235996 -0.963555 -0.267498 0.000213016 -0.267499 0.963558 -0.0899982 -0.00996578 -0.000960679 0.5026 -0.5026 0.0043 -0.0043 
8.8286 0.999997 0.00233094 0.000426033 0.00235996 -0.963555 -0.267498 -0.000213016 0.267499 -0.963558 0.0899982 -0.00996578 0.000960679 0.5026 -0.5026 0.0043 -0.0043 
8.8286 0.999997 0.00233094 0.000426033 -0.00235996 0.963555 0.267498 0.000213016 -0.267499 0.963558 0.0899982 0.00996578 -0.000960679 0.5026 -0.5026 0.0043 -0.0043 
8.39633 -0.999997 -0.00233094 -0.000426033 -0.00235996 0.963555 0.267498 -0.000213016 0.267499 -0.963558 -0.0899982 -0.0100342 0.000960679 0.0046 -0.0046 -0.4932 0.4932 
8.39633 0.999997 0.00233094 0.000426033 0.00235996 -0.963555 -0.267498 -0.000213016 0.267499 -0.963558 0.0899982 0.0100342 0.000960679 0.0046 -0.0046 -0.4932 0.4932 
8.39633 -0.999997 -0.00233094 -0.000426033 0.00235996 -0.963555 -0.267498 0.000213016 -0.267499 0.963558 -0.0899982 0.0100342 -0.000960679 0.0046 -0.0046 -0.4932 0.4932 
8.39633 0.999997 0.00233094 0.000426033 -0.00235996 0.963555 0.267498 0.000213016 -0.267499 0.963558 0.0899982 -0.0100342 -0.000960679 0.0046 -0.0046 -0.4932 0.4932 
8.39633 0.000213016 -0.267499 0.963558 -0.00235996 0.963555 0.267498 -0.999997 -0.00233094 -0.000426033 -0.000960679 -0.0100342 -0.0899982 0.0046 -0.0046 -0.4932 0.4932 
8.39633 -0.000213016 0.267499 -0.963558 0.00235996 -0.963555 -0.267498 -0.999997 -0.00233094 -0.000426033 0.000960679 0.0100342 -0.0899982 0.0046 -0.0046 -0.4932 0.4932 
8.39633 -0.000213016 0.267499 -0.963558 -0.00235996 0.963555 0.267498 0.999997 0.00233094 0.000426033 0.000960679 -0.0100342 0.0899982 0.0046 -0.0046 -0.4932 0.4932 
8.39633 0.000213016 -0.267499 0.963558 0.00235996 -0.963555 -0.267498 0.999997 0.00233094 0.000426033 -0.000960679 0.0100342 0.0899982 0.0046 -0.0046 -0.4932 0.4932 
7.45037 -0.00235996 0.963555 0.267498 -0.000213016 0.267499 -0.963558 -0.999997 -0.00233094 -0.000426033 0.0299658 0.000960679 -0.0799982 0.9952 -0.9952 0.6441 -0.6441 
7.45037 0.00235996 -0.963555 -0.267498 -0.000213016 0.267499 -0.963558 0.999997 0.00233094 0.000426033 -0.0299658 0.000960679 0.0799982 0.9952 -0.9952 0.6441 -0.6441 
7.45037 -0.00235996 0.963555 0.267498 0.000213016 -0.267499 0.963558 0.999997 0.00233094 0.000426033 0.0299658 -0.000960679 0.0799982 0.9952 -0.9952 0.6441 -0.6441 
7.45037 0.00235996 -0.963555 -0.267498 0.000213016 -0.267499 0.963558 -0.999997 -0.00233094 -0.000426033 -0.0299658 -0.000960679 -0.0799982 0.9952 -0.9952 0.6441 -0.6441 
7.45037 0.00235996 -0.963555 -0.267498 -0.999997 -0.00233094 -0.000426033 -0.000213016 0.267499 -0.963558 -0.0299658 -0.0799982 0.000960679 0.9952 -0.9952 0.6441 -0.6441 
7.45037 -0.00235996 0.963555 0.267498 0.999997 0.00233094 0.000426033 -0.000213016 0.267499 -0.963558 0.0299658 0.0799982 0.000960679 0.9952 -0.9952 0.6441 -0.6441 
7.45037 0.00235996 -0.963555 -0.267498 0.999997 0.00233094 0.000426033 0.000213016 -0.267499 0.963558 -0.0299658 0.0799982 -0.000960679 0.9952 -0.9952 0.6441 -0.6441 
7.45037 -0.00235996 0.963555 0.267498 -0.999997 -0.00233094 -0.000426033 0.000213016 -0.267499 0.963558 0.0299658 -0.0799982 -0.000960679 0.9952 -0.9952 0.6441 -0.6441 
6.50562 0.00235996 -0.963555 -0.267498 0.999997 0.00233094 0.000426033 0.000213016 -0.267499 0.963558 -0.00996578 0.0899982 -0.000960679 0.3708 -0.3708 0.1238 -0.1238 
6.50562 -0.00235996 0.963555 0.267498 0.999997 0.00233094 0.000426033 -0.000213016 0.267499 -0.963558 0.00996578 0.0899982 0.000960679 0.3708 -0.3708 0.1238 -0.1238 
6.50562 -0.00235996 0.963555 0.267498 -0.999997 -0.00233094 -0.000426033 0.000213016 -0.267499 0.963558 0.00996578 -0.0899982 -0.000960679 0.3708 -0.3708 0.1238 -0.1238 
6.50562 0.00235996 -0.963555 -0.267498 -0.999997 -0.00233094 -0.000426033 -0.000213016 0.267499 -0.963558 -0.00996578 -0.0899982 0.000960679 0.3708 -0.3708 0.1238 -0.1238 
6.50562 -0.00235996 0.963555 0.267498 0.000213016 -0.267499 0.963558 0.999997 0.00233094 0.000426033 0.00996578 -0.000960679 0.0899982 0.3708 -0.3708 0.1238 -0.1238 
6.50562 -0.00235996 0.963555 0.267498 -0.000213016 0.267499 -0.963558 -0.999997 -0.00233094 -0.000426033 0.00996578 0.000960679 -0.0899982 0.3708 -0.3708 0.1238 -0.1238 
6.50562 0.00235996 -0.963555 -0.267498 -0.000213016 0.267499 -0.963558 0.999997 0.00233094 0.000426033 -0.00996578 0.000960679 0.0899982 0.3708 -0.3708 0.1238 -0.1238 
6.50562 0.00235996 -0.963555 -0.267498 0.000213016 -0.267499 0.963558 -0.999997 -0.00233094 -0.000426033 -0.00996578 -0.000960679 -0.0899982 0.3708 -0.3708 0.1238 -0.1238 
5.889 0.00235996 -0.963555 -0.267498 0.000213016 -0.267499 0.963558 -0.999997 -0.00233094 -0.000426033 0.0100342 -0.000960679 -0.0899982 -0.1151 0.1151 -0.3618 0.3618 
5.889 -0.00235996 0.963555 0.267498 0.000213016 -0.267499 0.963558 0.999997 0.00233094 0.000426033 -0.0100342 -0.000960679 0.0899982 -0.1151 0.1151 -0.3618 0.3618 
5.889 0.00235996 -0.963555 -0.267498 -0.000213016 0.267499 -0.963558 0.999997 0.00233094 0.000426033 0.0100342 0.000960679 0.0899982 -0.1151 0.1151 -0.3618 0.3618 
5.889 -0.00235996 0.963555 0.267498 -0.000213016 0.267499 -0.963558 -0.999997 -0.00233094 -0.000426033 -0.0100342 0.000960679 -0.0899982 -0.1151 0.1151 -0.3618 0.3618 
5.889 0.00235996 -0.963555 -0.267498 -0.999997 -0.00233094 -0.000426033 -0.000213016 0.267499 -0.963558 0.0100342 -0.0899982 0.000960679 -0.1151 0.1151 -0.3618 0.3618 
5.889 -0.00235996 0.963555 0.267498 -0.999997 -0.00233094 -0.000426033 0.000213016 -0.267499 0.963558 -0.0100342 -0.0899982 -0.000960679 -0.1151 0.1151 -0.3618 0.3618 
5.889 -0.00235996 0.963555 0.267498 0.999997 0.00233094 0.000426033 -0.000213016 0.267499 -0.963558 -0.0100342 0.0899982 0.000960679 -0.1151 0.1151 -0.3618 0.3618 
5.889 0.00235996 -0.963555 -0.267498 0.999997 0.00233094 0.000426033 0.000213016 -0.267499 0.963558 0.0100342 0.0899982 -0.000960679 -0.1151 0.1151 -0.3618 0.3618 
5.84061 -0.00235996 0.963555 0.267498 0.999997 0.00233094 0.000426033 -0.000213016 0.267499 -0.963558 -0.0300342 0.0799982 0.000960679 -0.6343 0.6343 -0.9829 0.9829 
5.84061 0.00235996 -0.963555 -0.267498 -0.999997 -0.00233094 -0.000426033 -0.000213016 0.267499 -0.963558 0.0300342 -0.0799982 0.000960679 -0.6343 0.6343 -0.9829 0.9829 
5.84061 -0.00235996 0.963555 0.267498 -0.999997 -0.00233094 -0.000426033 0.000213016 -0.267499 0.963558 -0.0300342 -0.0799982 -0.000960679 -0.6343 0.6343 -0.9829 0.9829 
5.84061 0.00235996 -0.963555 -0.267498 0.999997 0.00233094 0.000426033 0.000213016 -0.267499 0.963558 0.0300342 0.0799982 -0.000960679 -0.6343 0.6343 -0.9829 0.9829 
5.8367 0.00235996 -0.963555 -0.267498 0.000213016 -0.267499 0.963558 -0.999997 -0.00233094 -0.000426033 0.0300342 -0.000960679 -0.0799982 -0.6343 0.6343 -0.983 0.983 
5.8367 0.00235996 -0.963555 -0.267498 -0.000213016 0.267499 -0.963558 0.999997 0.00233094 0.000426033 0.0300342 0.000960679 0.0799982 -0.6343 0.6343 -0.983 0.983 
5.8367 -0.00235996 0.963555 0.267498 -0.000213016 0.267499 -0.963558 -0.999997 -0.00233094 -0.000426033 -0.0300342 0.000960679 -0.0799982 -0.6343 0.6343 -0.983 0.983 
5.8367 -0.00235996 0.963555 0.267498 0.000213016 -0.267499 0.963558 0.999997 0.00233094 0.000426033 -0.0300342 -0.000960679 0.0799982 -0.6343 0.6343 -0.983 0.983 
5.49437 -0.000213016 0.267499 -0.963558 -0.999997 -0.00233094 -0.000426033 -0.00235996 0.963555 0.267498 0.000960679 -0.0899982 0.00996578 0.2457 -0.2457 0.2453 -0.2453 
5.49437 -0.999997 -0.00233094 -0.000426033 0.000213016 -0.267499 0.963558 -0.00235996 0.963555 0.267498 -0.0899982 -0.000960679 0.00996578 0.2457 -0.2457 0.2453 -0.2453 
5.49437 0.000213016 -0.267499 0.963558 -0.999997 -0.00233094 -0.000426033 0.00235996 -0.963555 -0.267498 -0.000960679 -0.0899982 -0.00996578 0.2457 -0.2457 0.2453 -0.2453 
5.49437 0.999997 0.00233094 0.000426033 -0.000213016 0.267499 -0.963558 -0.00235996 0.963555 0.267498 0.0899982 0.000960679 0.00996578 0.2457 -0.2457 0.2453 -0.2453 
5.49437 0.000213016 -0.267499 0.963558 0.999997 0.00233094 0.000426033 -0.00235996 0.963555 0.267498 -0.000960679 0.0899982 0.00996578 0.2457 -0.2457 0.2453 -0.2453 
5.49437 0.999997 0.00233094 0.000426033 0.000213016 -0.267499 0.963558 0.00235996 -0.963555 -0.267498 0.0899982 -0.000960679 -0.00996578 0.2457 -0.2457 0.2453 -0.2453 
5.49437 -0.999997 -0.00233094 -0.000426033 -0.000213016 0.267499 -0.963558 0.00235996 -0.963555 -0.267498 -0.0899982 0.000960679 -0.00996578 0.2457 -0.2457 0.2453 -0.2453 
5.49437 -0.000213016 0.267499 -0.963558 0.999997 0.00233094 0.000426033 0.00235996 -0.963555 -0.267498 0.000960679 0.0899982 -0.00996578 0.2457 -0.2457 0.2453 -0.2453 
5.29878 0.000213016 -0.267499 0.963558 0.00235996 -0.963555 -0.267498 0.999997 0.00233094 0.000426033 -0.000960679 3.42206e-005 0.0899982 0.2457 -0.2457 -0.2367 0.2367 
5.29878 -0.000213016 0.267499 -0.963558 0.00235996 -0.963555 -0.267498 -0.999997 -0.00233094 -0.000426033 0.000960679 3.42206e-005 -0.0899982 0.2457 -0.2457 -0.2367 0.2367 
5.29878 -0.000213016 0.267499 -0.963558 -0.00235996 0.963555 0.267498 0.999997 0.00233094 0.000426033 0.000960679 -3.42206e-005 0.0899982 0.2457 -0.2457 -0.2367 0.2367 
5.29878 0.000213016 -0.267499 0.963558 -0.00235996 0.963555 0.267498 -0.999997 -0.00233094 -0.000426033 -0.000960679 -3.42206e-005 -0.0899982 0.2457 -0.2457 -0.2367 0.2367 
5.29878 -0.999997 -0.00233094 -0.000426033 0.00235996 -0.963555 -0.267498 0.000213016 -0.267499 0.963558 -0.0899982 3.42206e-005 -0.000960679 0.2457 -0.2457 -0.2367 0.2367 
5.29878 0.999997 0.00233094 0.000426033 -0.00235996 0.963555 0.267498 0.000213016 -0.267499 0.963558 0.0899982 -3.42206e-005 -0.000960679 0.2457 -0.2457 -0.2367 0.2367 
5.29878 0.999997 0.00233094 0.000426033 0.00235996 -0.963555 -0.267498 -0.000213016 0.267499 -0.963558 0.0899982 3.42206e-005 0.000960679 0.2457 -0.2457 -0.2367 0.2367 
5.29878 -0.999997 -0.00233094 -0.000426033 -0.00235996 0.963555 0.267498 -0.000213016 0.267499 -0.963558 -0.0899982 -3.42206e-005 0.000960679 0.2457 -0.2457 -0.2367 0.2367 
5.08018 0.000213016 -0.267499 0.963558 0.999997 0.00233094 0.000426033 -0.00235996 0.963555 0.267498 -0.000960679 0.0899982 -0.0100342 -0.2363 0.2363 -0.2367 0.2367 
5.08018 -0.000213016 0.267499 -0.963558 -0.999997 -0.00233094 -0.000426033 -0.00235996 0.963555 0.267498 0.000960679 -0.0899982 -0.0100342 -0.2363 0.2363 -0.2367 0.2367 
5.08018 -0.000213016 0.267499 -0.963558 0.999997 0.00233094 0.000426033 0.00235996 -0.963555 -0.267498 0.000960679 0.0899982 0.0100342 -0.2363 0.2363 -0.2367 0.2367 
5.08018 0.000213016 -0.267499 0.963558 -0.999997 -0.00233094 -0.000426033 0.00235996 -0.963555 -0.267498 -0.000960679 -0.0899982 0.0100342 -0.2363 0.2363 -0.2367 0.2367 
5.08018 -0.999997 -0.00233094 -0.000426033 0.000213016 -0.267499 0.963558 -0.00235996 0.963555 0.267498 -0.0899982 -0.000960679 -0.0100342 -0.2363 0.2363 -0.2367 0.2367 
5.08018 0.999997 0.00233094 0.000426033 -0.000213016 0.267499 -0.963558 -0.00235996 0.963555 0.267498 0.0899982 0.000960679 -0.0100342 -0.2363 0.2363 -0.2367 0.2367 
5.08018 -0.999997 -0.00233094 -0.000426033 -0.000213016 0.267499 -0.963558 0.00235996 -0.963555 -0.267498 -0.0899982 0.000960679 0.0100342 -0.2363 0.2363 -0.2367 0.2367 
5.08018 0.999997 0.00233094 0.000426033 0.000213016 -0.267499 0.963558 0.00235996 -0.963555 -0.267498 0.0899982 -0.000960679 0.0100342 -0.2363 0.2363 -0.2367 0.2367 
3.76749 -0.000213016 0.267499 -0.963558 -0.999997 -0.00233094 -0.000426033 -0.00235996 0.963555 0.267498 0.000960679 -0.0899982 0.0199658 0.5026 -0.5026 0.5021 -0.5021 
3.76749 0.000213016 -0.267499 0.963558 0.999997 0.00233094 0.000426033 -0.00235996 0.963555 0.267498 -0.000960679 0.0899982 0.0199658 0.5026 -0.5026 0.5021 -0.5021 
3.76749 0.000213016 -0.267499 0.963558 -0.999997 -0.00233094 -0.000426033 0.00235996 -0.963555 -0.267498 -0.000960679 -0.0899982 -0.0199658 0.5026 -0.5026 0.5021 -0.5021 
3.76749 -0.000213016 0.267499 -0.963558 0.999997 0.00233094 0.000426033 0.00235996 -0.963555 -0.267498 0.000960679 0.0899982 -0.0199658 0.5026 -0.5026 0.5021 -0.5021 
3.76749 -0.999997 -0.00233094 -0.000426033 0.000213016 -0.267499 0.963558 -0.00235996 0.963555 0.267498 -0.0899982 -0.000960679 0.0199658 0.5026 -0.5026 0.5021 -0.5021 
3.76749 0.999997 0.00233094 0.000426033 -0.000213016 0.267499 -0.963558 -0.00235996 0.963555 0.267498 0.0899982 0.000960679 0.0199658 0.5026 -0.5026 0.5021 -0.5021 
3.76749 0.999997 0.00233094 0.000426033 0.000213016 -0.267499 0.963558 0.00235996 -0.963555 -0.267498 0.0899982 -0.000960679 -0.0199658 0.5026 -0.5026 0.5021 -0.5021 
3.76749 -0.999997 -0.00233094 -0.000426033 -0.000213016 0.267499 -0.963558 0.00235996 -0.963555 -0.267498 -0.0899982 0.000960679 -0.0199658 0.5026 -0.5026 0.5021 -0.5021 
3.65311 0.999997 0.00233094 0.000426033 -0.000213016 0.267499 -0.963558 -0.00235996 0.963555 0.267498 0.0899982 0.000960679 -0.0200342 -0.4928 0.4928 -0.4932 0.4932 
3.65311 -0.999997 -0.00233094 -0.000426033 0.000213016 -0.267499 0.963558 -0.00235996 0.963555 0.267498 -0.0899982 -0.000960679 -0.0200342 -0.4928 0.4928 -0.4932 0.4932 
3.65311 0.999997 0.00233094 0.000426033 0.000213016 -0.267499 0.963558 0.00235996 -0.963555 -0.267498 0.0899982 -0.000960679 0.0200342 -0.4928 0.4928 -0.4932 0.4932 
3.65311 -0.999997 -0.00233094 -0.000426033 -0.000213016 0.267499 -0.963558 0.00235996 -0.963555 -0.267498 -0.0899982 0.000960679 0.0200342 -0.4928 0.4928 -0.4932 0.4932 
3.65311 0.000213016 -0.267499 0.963558 -0.999997 -0.00233094 -0.000426033 0.00235996 -0.963555 -0.267498 -0.000960679 -0.0899982 0.0200342 -0.4928 0.4928 -0.4932 0.4932 
3.65311 -0.000213016 0.267499 -0.963558 -0.999997 -0.00233094 -0.000426033 -0.00235996 0.963555 0.267498 0.000960679 -0.0899982 -0.0200342 -0.4928 0.4928 -0.4932 0.4932 
3.65311 -0.000213016 0.267499 -0.963558 0.999997 0.00233094 0.000426033 0.00235996 -0.963555 -0.267498 0.000960679 0.0899982 0.0200342 -0.4928 0.4928 -0.4932 0.4932 
3.65311 0.000213016 -0.267499 0.963558 0.999997 0.00233094 0.000426033 -0.00235996 0.963555 0.267498 -0.000960679 0.0899982 -0.0200342 -0.4928 0.4928 -0.4932 0.4932 
3.33803 0.00235996 -0.963555 -0.267498 -0.999997 -0.00233094 -0.000426033 -0.000213016 0.267499 -0.963558 3.42206e-005 -0.0899982 0.000960679 0.1242 -0.1242 -0.1154 0.1154 
3.33803 -0.00235996 0.963555 0.267498 -0.999997 -0.00233094 -0.000426033 0.000213016 -0.267499 0.963558 -3.42206e-005 -0.0899982 -0.000960679 0.1242 -0.1242 -0.1154 0.1154 
3.33803 0.00235996 -0.963555 -0.267498 0.999997 0.00233094 0.000426033 0.000213016 -0.267499 0.963558 3.42206e-005 0.0899982 -0.000960679 0.1242 -0.1242 -0.1154 0.1154 
3.33803 -0.00235996 0.963555 0.267498 0.999997 0.00233094 0.000426033 -0.000213016 0.267499 -0.963558 -3.42206e-005 0.0899982 0.000960679 0.1242 -0.1242 -0.1154 0.1154 
3.33803 0.00235996 -0.963555 -0.267498 -0.000213016 0.267499 -0.963558 0.999997 0.00233094 0.000426033 3.42206e-005 0.000960679 0.0899982 0.1242 -0.1242 -0.1154 0.1154 
3.33803 -0.00235996 0.963555 0.267498 -0.000213016 0.267499 -0.963558 -0.999997 -0.00233094 -0.000426033 -3.42206e-005 0.000960679 -0.0899982 0.1242 -0.1242 -0.1154 0.1154 
3.33803 0.00235996 -0.963555 -0.267498 0.000213016 -0.267499 0.963558 -0.999997 -0.00233094 -0.000426033 3.42206e-005 -0.000960679 -0.0899982 0.1242 -0.1242 -0.1154 0.1154 
3.33803 -0.00235996 0.963555 0.267498 0.000213016 -0.267499 0.963558 0.999997 0.00233094 0.000426033 -3.42206e-005 -0.000960679 0.0899982 0.1242 -0.1242 -0.1154 0.1154 
2.87801 -0.00235996 0.963555 0.267498 -0.999997 -0.00233094 -0.000426033 0.000213016 -0.267499 0.963558 0.0199658 -0.0899982 -0.000960679 0.6444 -0.6444 0.3706 -0.3706 
2.87801 -0.00235996 0.963555 0.267498 0.999997 0.00233094 0.000426033 -0.000213016 0.267499 -0.963558 0.0199658 0.0899982 0.000960679 0.6444 -0.6444 0.3706 -0.3706 
2.87801 0.00235996 -0.963555 -0.267498 -0.999997 -0.00233094 -0.000426033 -0.000213016 0.267499 -0.963558 -0.0199658 -0.0899982 0.000960679 0.6444 -0.6444 0.3706 -0.3706 
2.87801 0.00235996 -0.963555 -0.267498 0.999997 0.00233094 0.000426033 0.000213016 -0.267499 0.963558 -0.0199658 0.0899982 -0.000960679 0.6444 -0.6444 0.3706 -0.3706 
2.87801 -0.00235996 0.963555 0.267498 -0.000213016 0.267499 -0.963558 -0.999997 -0.00233094 -0.000426033 0.0199658 0.000960679 -0.0899982 0.6444 -0.6444 0.3706 -0.3706 
2.87801 0.00235996 -0.963555 -0.267498 0.000213016 -0.267499 0.963558 -0.999997 -0.00233094 -0.000426033 -0.0199658 -0.000960679 -0.0899982 0.6444 -0.6444 0.3706 -0.3706 
2.87801 0.00235996 -0.963555 -0.267498 -0.000213016 0.267499 -0.963558 0.999997 0.00233094 0.000426033 -0.0199658 0.000960679 0.0899982 0.6444 -0.6444 0.3706 -0.3706 
2.87801 -0.00235996 0.963555 0.267498 0.000213016 -0.267499 0.963558 0.999997 0.00233094 0.000426033 0.0199658 -0.000960679 0.0899982 0.6444 -0.6444 0.3706 -0.3706 
2.87446 -0.999997 -0.00233094 -0.000426033 0.000213016 -0.267499 0.963558 -0.00235996 0.963555 0.267498 -0.0899982 -0.000960679 -3.42206e-005 0.0046 -0.0046 0.0043 -0.0043 
2.87446 0.999997 0.00233094 0.000426033 0.000213016 -0.267499 0.963558 0.00235996 -0.963555 -0.267498 0.0899982 -0.000960679 3.42206e-005 0.0046 -0.0046 0.0043 -0.0043 
2.87446 -0.999997 -0.00233094 -0.000426033 -0.000213016 0.267499 -0.963558 0.00235996 -0.963555 -0.267498 -0.0899982 0.000960679 3.42206e-005 0.0046 -0.0046 0.0043 -0.0043 
2.87446 0.999997 0.00233094 0.000426033 -0.000213016 0.267499 -0.963558 -0.00235996 0.963555 0.267498 0.0899982 0.000960679 -3.42206e-005 0.0046 -0.0046 0.0043 -0.0043 
2.87446 0.000213016 -0.267499 0.963558 0.999997 0.00233094 0.000426033 -0.00235996 0.963555 0.267498 -0.000960679 0.0899982 -3.42206e-005 0.0046 -0.0046 0.0043 -0.0043 
2.87446 -0.000213016 0.267499 -0.963558 0.999997 0.00233094 0.000426033 0.00235996 -0.963555 -0.267498 0.000960679 0.0899982 3.42206e-005 0.0046 -0.0046 0.0043 -0.0043 
2.87446 -0.000213016 0.267499 -0.963558 -0.999997 -0.00233094 -0.000426033 -0.00235996 0.963555 0.267498 0.000960679 -0.0899982 -3.42206e-005 0.0046 -0.0046 0.0043 -0.0043 
2.87446 0.000213016 -0.267499 0.963558 -0.999997 -0.00233094 -0.000426033 0.00235996 -0.963555 -0.267498 -0.000960679 -0.0899982 3.42206e-005 0.0046 -0.0046 0.0043 -0.0043 
2.78076 0.00235996 -0.963555 -0.267498 -0.000213016 0.267499 -0.963558 0.999997 0.00233094 0.000426033 0.0200342 0.000960679 0.0899982 -0.3613 0.3613 -0.6346 0.6346 
2.78076 0.00235996 -0.963555 -0.267498 0.000213016 -0.267499 0.963558 -0.999997 -0.00233094 -0.000426033 0.0200342 -0.000960679 -0.0899982 -0.3613 0.3613 -0.6346 0.6346 
2.78076 -0.00235996 0.963555 0.267498 -0.000213016 0.267499 -0.963558 -0.999997 -0.00233094 -0.000426033 -0.0200342 0.000960679 -0.0899982 -0.3613 0.3613 -0.6346 0.6346 
2.78076 -0.00235996 0.963555 0.267498 0.000213016 -0.267499 0.963558 0.999997 0.00233094 0.000426033 -0.0200342 -0.000960679 0.0899982 -0.3613 0.3613 -0.6346 0.6346 
2.78076 -0.00235996 0.963555 0.267498 -0.999997 -0.00233094 -0.000426033 0.000213016 -0.267499 0.963558 -0.0200342 -0.0899982 -0.000960679 -0.3613 0.3613 -0.6346 0.6346 
2.78076 0.00235996 -0.963555 -0.267498 -0.999997 -0.00233094 -0.000426033 -0.000213016 0.267499 -0.963558 0.0200342 -0.0899982 0.000960679 -0.3613 0.3613 -0.6346 0.6346 
2.78076 0.00235996 -0.963555 -0.267498 0.999997 0.00233094 0.000426033 0.000213016 -0.267499 0.963558 0.0200342 0.0899982 -0.000960679 -0.3613 0.3613 -0.6346 0.6346 
2.78076 -0.00235996 0.963555 0.267498 0.999997 0.00233094 0.000426033 -0.000213016 0.267499 -0.963558 -0.0200342 0.0899982 0.000960679 -0.3613 0.3613 -0.6346 0.6346 
1.22791 0.999997 0.00233094 0.000426033 -0.00235996 0.963555 0.267498 0.000213016 -0.267499 0.963558 0.0899982 0.0199658 -0.000960679 0.8036 -0.8036 0.2453 -0.2453 
1.22791 -0.999997 -0.00233094 -0.000426033 0.00235996 -0.963555 -0.267498 0.000213016 -0.267499 0.963558 -0.0899982 -0.0199658 -0.000960679 0.8036 -0.8036 0.2453 -0.2453 
1.22791 0.999997 0.00233094 0.000426033 0.00235996 -0.963555 -0.267498 -0.000213016 0.267499 -0.963558 0.0899982 -0.0199658 0.000960679 0.8036 -0.8036 0.2453 -0.2453 
1.22791 -0.999997 -0.00233094 -0.000426033 -0.00235996 0.963555 0.267498 -0.000213016 0.267499 -0.963558 -0.0899982 0.0199658 0.000960679 0.8036 -0.8036 0.2453 -0.2453 
1.22791 -0.000213016 0.267499 -0.963558 -0.00235996 0.963555 0.267498 0.999997 0.00233094 0.000426033 0.000960679 0.0199658 0.0899982 0.8036 -0.8036 0.2453 -0.2453 
1.22791 0.000213016 -0.267499 0.963558 0.00235996 -0.963555 -0.267498 0.999997 0.00233094 0.000426033 -0.000960679 -0.0199658 0.0899982 0.8036 -0.8036 0.2453 -0.2453 
1.22791 -0.000213016 0.267499 -0.963558 0.00235996 -0.963555 -0.267498 -0.999997 -0.00233094 -0.000426033 0.000960679 -0.0199658 -0.0899982 0.8036 -0.8036 0.2453 -0.2453 
1.22791 0.000213016 -0.267499 0.963558 -0.00235996 0.963555 0.267498 -0.999997 -0.00233094 -0.000426033 -0.000960679 0.0199658 -0.0899982 0.8036 -0.8036 0.2453 -0.2453 
1.20109 -0.999997 -0.00233094 -0.000426033 0.00235996 -0.963555 -0.267498 0.000213016 -0.267499 0.963558 -0.0899982 0.0200342 -0.000960679 -0.2363 0.2363 -0.793 0.793 
1.20109 0.999997 0.00233094 0.000426033 0.00235996 -0.963555 -0.267498 -0.000213016 0.267499 -0.963558 0.0899982 0.0200342 0.000960679 -0.2363 0.2363 -0.793 0.793 
1.20109 -0.999997 -0.00233094 -0.000426033 -0.00235996 0.963555 0.267498 -0.000213016 0.267499 -0.963558 -0.0899982 -0.0200342 0.000960679 -0.2363 0.2363 -0.793 0.793 
1.20109 0.999997 0.00233094 0.000426033 -0.00235996 0.963555 0.267498 0.000213016 -0.267499 0.963558 0.0899982 -0.0200342 -0.000960679 -0.2363 0.2363 -0.793 0.793 
1.20109 -0.000213016 0.267499 -0.963558 -0.00235996 0.963555 0.267498 0.999997 0.00233094 0.000426033 0.000960679 -0.0200342 0.0899982 -0.2363 0.2363 -0.793 0.793 
1.20109 0.000213016 -0.267499 0.963558 0.00235996 -0.963555 -0.267498 0.999997 0.00233094 0.000426033 -0.000960679 0.0200342 0.0899982 -0.2363 0.2363 -0.793 0.793 
1.20109 0.000213016 -0.267499 0.963558 -0.00235996 0.963555 0.267498 -0.999997 -0.00233094 -0.000426033 -0.000960679 -0.0200342 -0.0899982 -0.2363 0.2363 -0.793 0.793 
1.20109 -0.000213016 0.267499 -0.963558 0.00235996 -0.963555 -0.267498 -0.999997 -0.00233094 -0.000426033 0.000960679 0.0200342 -0.0899982 -0.2363 0.2363 -0.793 0.793 
