0.793479 0.999334 0.029065 0.0220525 -0.0338979 0.963202 0.266631 -0.0134914 -0.267201 0.963546 0.153902 0.0314534 0.00799389 0.617 -0.617 -0.6152 0.6152 
0.68097 0.0139742 -0.297705 0.954556 0.00160401 -0.954641 -0.297755 0.999901 0.005692 -0.0128628 0.0742378 0.0340071 0.100054 0.6012 -0.6012 -0.5968 0.5968 
0.553697 0.999477 -0.0244058 -0.0212009 -0.02918 -0.963349 -0.266658 -0.0139159 0.267137 -0.963558 0.153656 0.0315353 -0.010083 0.6214 -0.6214 -0.6104 0.6104 
0.524393 -0.0135484 -0.236976 0.971421 -0.00161745 0.971514 0.236976 -0.999907 0.00163941 -0.0135457 0.0716352 0.0340809 -0.0899249 0.6176 -0.6176 -0.6162 0.6162 
0.437296 -0.0138253 0.236912 -0.971433 0.00311355 -0.971511 -0.236975 -0.9999 -0.00630085 0.0126938 0.0537063 0.034712 -0.0796781 1.0954 -1.0954 -0.6934 0.6934 
0.284926 0.0133995 0.297769 -0.954544 -0.00310012 0.954637 0.297755 0.999905 -0.00103056 0.0137148 0.055894 0.0345239 0.0803033 0.7268 -0.7268 -1.0652 1.0652 
0.139656 -0.031301 -0.280602 0.959314 -0.999508 0.00682766 -0.0306154 0.00204088 -0.9598 -0.280678 0.0699497 -0.0659136 0.0172914 -0.5631 0.5631 -0.2811 0.2811 
0.0599384 0.999445 -0.0192971 0.0271613 -0.0313278 -0.266718 0.963265 -0.0113438 -0.963581 -0.267175 0.165146 0.0746477 -0.00113365 -0.1401 0.1401 0.1401 -0.1401 
0.0567015 0.999445 -0.0192971 0.0271613 -0.0313278 -0.266718 0.963265 -0.0113438 -0.963581 -0.267175 0.165381 0.0746348 0.0160903 -0.5831 0.5831 -0.2752 0.2752 
0.0505056 0.999445 -0.0192971 0.0271613 -0.0313278 -0.266718 0.963265 -0.0113438 -0.963581 -0.267175 0.16491 0.0746606 -0.0183576 0.2746 -0.2746 0.5836 -0.5836 
