174.524 -0.813512 -0.44305 0.376702 -0.150027 0.785719 0.600115 -0.561863 0.431685 -0.705661 -0.0215672 0.0212484 -0.0456335 0 
174.524 -0.812691 0.442421 -0.379205 -0.147571 -0.785834 -0.600573 -0.563699 -0.432121 0.703929 -0.0535395 -0.000956425 0.00465376 0 
160.71 -0.810241 -0.444187 0.382372 -0.151054 0.788623 0.596033 -0.566298 0.425172 -0.706071 -0.0217401 0.022452 -0.0455404 0 
160.71 -0.809403 0.443561 -0.384864 -0.148608 -0.788739 -0.596495 -0.568139 -0.425611 0.704325 -0.0529346 -0.00021767 0.00498433 0 
88.7164 -0.913121 -0.259207 -0.314678 -0.373543 0.841156 0.391053 0.16333 0.474624 -0.864902 -0.0509102 -0.00198249 -0.00108289 0 
88.7164 -0.914285 0.2585 0.311866 -0.371686 -0.841444 -0.3922 0.161034 -0.474499 0.865401 -0.0366152 -0.0103135 0.060312 0 
87.0553 -0.916034 0.2598 0.30559 -0.369105 -0.844183 -0.388738 0.15698 -0.468892 0.869194 -0.0347001 -0.0105868 0.059449 0 
87.0553 -0.914888 -0.260508 -0.308408 -0.370953 0.843896 0.387599 0.159292 0.469014 -0.868707 -0.04925 -0.000685752 -0.00161415 0 
66.1629 -0.23721 -0.554563 0.797616 0.160961 0.787265 0.595236 -0.958031 0.269581 -0.0974838 0.0320787 0.0425457 -0.0529123 0 
66.1629 -0.235183 0.554381 -0.798343 0.163402 -0.787139 -0.594737 -0.958117 -0.270323 0.0945346 -0.0273622 0.0226693 -0.0416228 0 
65.3743 -0.230816 -0.554669 0.799416 0.156917 0.789627 0.593183 -0.960261 0.262359 -0.0952215 0.0302415 0.0489427 -0.0502399 0 
65.3743 -0.228783 0.554491 -0.800124 0.159354 -0.789504 -0.592696 -0.960346 -0.263102 0.0922654 -0.0269973 0.0228298 -0.0408428 0 
46.8337 -0.480452 0.110357 0.87005 -0.377661 -0.921394 -0.0916802 0.791541 -0.372632 0.484363 0.0110659 0.00101229 0.0917234 0 
46.8337 -0.477686 -0.110727 -0.871525 -0.378655 0.921101 0.0905161 0.79274 0.373245 -0.481925 -0.0387501 -0.0118683 0.0541843 0 
46.6727 -0.486214 0.110853 0.86678 -0.372972 -0.923357 -0.0911269 0.790245 -0.367592 0.490294 0.00998213 0.0027984 0.0921141 0 
46.6727 -0.483458 -0.111229 -0.868272 -0.373965 0.923068 0.0899773 0.791466 0.368204 -0.48786 -0.0389605 -0.0119907 0.0538613 0 
40.8489 0.478195 -0.528424 0.701497 0.377248 0.844887 0.379275 -0.793103 0.0832709 0.603368 0.0776104 0.0521748 -0.0179469 0 
40.8489 0.479944 0.528795 -0.700022 0.379068 -0.844594 -0.378111 -0.791178 -0.0838838 -0.605807 0.0248934 0.045608 -0.052964 0 
40.7109 0.483966 -0.527234 0.698427 0.372556 0.846319 0.380718 -0.79182 0.0759491 0.606014 0.077168 0.0520223 -0.0168103 0 
40.7109 0.485706 0.527609 -0.696935 0.374381 -0.84603 -0.379568 -0.789892 -0.076561 -0.608448 0.0253212 0.0435645 -0.0525892 0 
34.7783 0.234674 0.0847707 0.968371 -0.161996 -0.978849 0.124946 0.958481 -0.186193 -0.215978 0.0627546 0.0250268 0.0796604 0 
34.7783 0.237719 -0.0845879 -0.967644 -0.162368 0.978724 -0.125445 0.957667 0.186935 0.218927 0.00606637 -0.00245512 0.0889837 0 
34.7431 0.228275 0.083972 0.969969 -0.157945 -0.979882 0.122001 0.9607 -0.181051 -0.21042 0.0627854 0.0239066 0.0795769 0 
34.7431 0.231325 -0.0837942 -0.969261 -0.158326 0.97976 -0.122488 0.959907 0.181794 0.213376 0.00598402 -0.00341832 0.0886697 0 
32.8239 0.913776 0.380651 -0.141837 0.373093 -0.924544 -0.0775913 -0.16067 0.0179826 -0.986844 0.0723222 0.0547338 -0.0218628 0 
32.8239 0.91363 -0.379944 0.14465 0.372136 0.924832 0.0787383 -0.163693 -0.0181081 0.986345 0.0890391 0.0397108 0.0378022 0 
32.7829 0.915526 0.378663 -0.135745 0.370514 -0.925204 -0.0819574 -0.156626 0.0247388 -0.987348 0.072725 0.0540313 -0.0217923 0 
32.7829 0.915396 -0.377955 0.138563 0.369544 0.92549 0.0830965 -0.159645 -0.0248611 0.986861 0.0867968 0.0425483 0.0391247 0 
31.2748 0.812182 0.19673 0.549233 0.148977 -0.980154 0.130782 0.564062 -0.0243954 -0.825372 0.0885339 0.0454517 0.0325077 0 
31.2748 0.814021 -0.196101 -0.54673 0.14862 0.980269 -0.130324 0.5615 0.0248309 0.827104 0.0594661 0.0176175 0.081864 0 
31.2544 0.808895 0.194902 0.554709 0.150017 -0.980647 0.125799 0.568493 -0.0185425 -0.822479 0.0882432 0.0458888 0.0329527 0 
31.2544 0.810749 -0.194276 -0.552216 0.149645 0.980763 -0.125338 0.565944 0.0189814 0.824225 0.0591378 0.0174298 0.0820242 0 
22.4774 -0.748493 -0.464047 0.473727 0.168426 0.557913 0.812629 -0.641397 0.688035 -0.339436 0.00283366 0.00992051 -0.0648984 0 
22.4774 -0.747391 0.463469 -0.47603 0.171359 -0.557782 -0.812106 -0.641906 -0.688532 0.337461 -0.033307 -0.0322303 -0.0339314 0 
21.7465 -0.937265 -0.284624 -0.201306 -0.334956 0.575149 0.74633 -0.0966423 0.766937 -0.634404 -0.032127 -0.0277473 -0.037616 0 
21.7465 -0.9381 0.283899 0.19842 -0.332212 -0.575407 -0.747356 -0.0980012 -0.767012 0.634104 -0.0242642 -0.0622639 0.0152126 0 
21.3816 -0.119017 0.556143 -0.82252 0.574887 -0.636824 -0.513771 -0.809531 -0.534004 -0.243927 -0.00170204 0.00619976 -0.0640926 0 
21.3816 -0.121118 -0.556236 0.822151 0.57281 0.637268 0.515537 -0.810691 0.533377 0.241433 0.057613 0.0280253 -0.0574235 0 
19.9444 -0.576852 -0.12307 -0.807525 -0.642463 0.67888 0.355477 0.504464 0.723862 -0.470681 -0.0279029 -0.0603591 0.0104159 0 
19.9444 -0.57943 0.122623 0.805745 -0.64084 -0.679376 -0.357452 0.503572 -0.723472 0.472232 0.0202272 -0.0725303 0.0501293 0 
19.5482 0.578928 0.507635 -0.638083 0.641991 -0.766232 -0.0271115 -0.502682 -0.393948 -0.76949 0.0522126 0.0276272 -0.0596742 0 
19.5482 0.577354 -0.507187 0.639862 0.641312 0.766729 0.0290866 -0.505353 0.393558 0.767939 0.0988918 0.0168159 -0.0179097 0 
18.4318 0.12162 -0.0740213 -0.989813 -0.573961 0.808341 -0.130974 0.809801 0.584043 0.055825 0.0142801 -0.0716748 0.0488475 0 
18.4318 0.118515 0.0741142 0.990182 -0.573736 -0.808785 0.129207 0.81042 -0.583416 -0.0533313 0.0743478 -0.051277 0.0531594 0 
18.208 0.937598 0.346359 -0.0307579 0.333363 -0.870201 0.362793 0.098891 -0.350408 -0.931362 0.0963372 0.0206862 -0.0223477 0 
18.208 0.937766 -0.345633 0.0336443 0.333805 0.870459 -0.361766 0.0957524 0.350483 0.931662 0.103409 -0.0169838 0.0283646 0 
17.813 0.746889 0.166789 0.643692 -0.170208 -0.887827 0.427543 0.642796 -0.428888 -0.634719 0.105325 -0.0132509 0.0231667 0 
17.813 0.748995 -0.16621 -0.641389 -0.169578 0.887696 -0.428066 0.640507 0.429384 0.636694 0.0692898 -0.055644 0.0539464 0 
17.0426 0.0309181 -0.940293 -0.33896 -0.999521 -0.0295869 -0.00909529 -0.00147656 0.339079 -0.940757 -0.047245 -0.0133915 0.000398288 0 
17.0426 -0.00562636 0.940729 0.339113 -0.999984 -0.00491559 -0.00295486 -0.00111279 -0.339124 0.940741 -0.0373784 -0.0132784 0.063332 0 
16.9878 -0.0458327 -0.949011 -0.311893 -0.707905 -0.189435 0.68043 -0.704819 0.251976 -0.663127 -0.0446632 0.0294549 -0.0394547 0 
16.9878 -0.0649236 0.948034 0.311474 -0.705968 0.176964 -0.685778 -0.705261 -0.264414 0.657793 -0.0393925 -0.015524 0.00515689 0 
15.3171 0.0565176 0.946358 0.31814 -0.70822 -0.1866 0.680886 0.703726 -0.263795 0.659683 -0.0288006 0.0293816 0.102268 0 
15.3171 0.0582289 -0.946313 -0.317963 -0.706265 0.186052 -0.683063 0.705549 0.26434 -0.657514 -0.0347039 -0.0155355 0.0576651 0 
15.2216 -0.0851183 -0.96406 -0.251679 -0.00118764 -0.252497 0.967597 -0.99637 0.0826591 0.0203472 -0.0434052 0.0875557 -0.0373267 0 
15.2216 -0.0866386 0.963994 0.251415 0.00159549 0.252497 -0.967596 -0.996239 -0.08343 -0.0234141 -0.0397967 0.0239896 -0.036647 0 
13.554 0.0851051 0.961623 0.260841 -0.0015882 -0.26166 0.965159 0.996371 -0.0825542 -0.0207413 -0.0257288 0.0874999 0.0997631 0 
13.554 0.0866517 -0.961557 -0.260577 0.00118034 0.26166 -0.96516 0.996238 0.0833252 0.0238082 -0.0248724 0.0239466 0.0996763 0 
13.4877 -0.0566954 -0.979304 -0.194293 0.706257 -0.17689 0.6855 -0.705681 -0.0983558 0.701669 -0.0395515 0.127066 0.00519978 0 
13.4877 -0.058051 0.979259 0.194116 0.708227 0.177437 -0.683323 -0.703594 0.0978106 -0.703838 -0.0388034 0.0821175 -0.0399761 0 
12.6047 0.0633901 0.977583 0.200782 0.705976 -0.186127 0.683341 0.705393 0.0984299 -0.701948 -0.033193 0.127047 0.057564 0 
12.6047 0.0647643 -0.977533 -0.200584 0.707932 0.186674 -0.681165 0.703305 -0.0978849 0.704117 -0.030382 0.0821066 0.102415 0 
12.5825 0.00409294 0.984888 0.173143 0.999991 -0.00424668 0.000517502 0.00124496 0.173139 -0.984897 -0.0371997 0.124811 -0.000439301 0 
12.5825 0.00538797 -0.984884 -0.173129 0.999984 0.00502044 0.00256071 -0.00165282 -0.17314 0.984896 -0.0325772 0.124802 0.0629464 0 
1 -0.0817 -0.569852 0.817676 0.226592 0.788313 0.57203 -0.970558 0.232013 0.064719 0.043185 0.047262 -0.048545 
1 -0.942818 -0.290813 -0.162855 -0.333305 0.82472 0.456886 0.0014417 0.48504 -0.874491 -0.0489646 0.0046169 -0.01217 
1 0.937752 -0.347019 -0.0141255 0.347301 0.937198 0.0322795 0.0020367 -0.0351767 0.999379 0.086403 0.037791 0.049821 
1 0.07954 -0.9605 -0.26667 -0.00021332 0.2675 -0.96356 0.99683 0.076698 0.021072 -0.032388 0.023931 0.099579 
1 -0.0075913 -0.98318 -0.18249 0.99997 -0.007295 -0.0022947 0.00092479 -0.1825 0.9832 -0.035563 0.12409 0.063299 
1 0.22773 -0.069937 -0.971209 -0.524279 0.831689 -0.182824 0.820531 0.55082 0.152734 0.022233 -0.070291 0.051848 
1 0.076727 -0.067959 -0.994733 -0.212584 0.973619 -0.082915 0.974126 0.217826 0.060256 -0.0057428 -0.0048546 0.0862049 
1 -0.094767 -0.95923 -0.26627 0.00030597 -0.2675 0.96356 -0.9955 0.091232 0.025644 -0.044292 0.087676 -0.036481 
1 0.914606 -0.381893 0.132869 0.40432 0.859998 -0.311332 0.0046285 0.338467 0.940967 0.105693 -0.011054 0.022126 
1 0.233181 0.066575 0.970151 -0.535513 -0.823957 0.185256 0.811698 -0.562727 -0.15648 0.081043 -0.045683 0.051219 
1 -0.23262 -0.5572 0.79713 0.53576 0.61063 0.58318 -0.8117 0.56273 0.15648 0.049221 0.027504 -0.059619 
1 -0.919602 -0.245261 -0.306887 -0.39283 0.582294 0.71177 0.004129 0.7751 -0.631826 -0.034245 -0.03173 -0.029904 
1 0.0076446 0.93655 0.35045 -0.99997 0.0072702 0.002384 -0.00031518 -0.35046 0.93658 -0.034481 -0.012487 0.06321 
1 -0.914465 0.258595 0.311259 -0.404645 -0.576496 -0.709869 -0.004129 -0.7751 0.631826 -0.019201 -0.066329 0.021504 
1 -0.0076446 -0.93655 -0.35045 -0.99997 0.0072702 0.002384 0.00031518 0.35046 -0.93658 -0.041119 -0.012487 -0.00021036 
1 -0.937703 0.304485 0.167338 -0.347436 -0.819771 -0.455263 -0.0014417 -0.48504 0.874491 -0.043534 -0.010384 0.04957 
1 0.094767 0.95923 0.26627 0.00030597 -0.2675 0.96356 0.9955 -0.091232 -0.025644 -0.031308 0.087676 0.099481 
1 0.0075913 0.98318 0.18249 0.99997 -0.007295 -0.0022947 -0.00092479 0.1825 -0.9832 -0.040037 0.12409 -0.00029859 
1 -0.22812 0.56056 -0.79607 0.52411 -0.61836 -0.58561 -0.82053 -0.55082 -0.15273 -0.0088853 0.0012756 -0.0602484 
1 0.94277 0.3333 0.0098102 0.333439 -0.942164 -0.0338416 -0.0020367 0.0351767 -0.999379 0.081702 0.050778 -0.012421 
1 -0.07954 0.9605 0.26667 -0.00021332 0.2675 -0.96356 -0.99683 -0.076698 -0.021072 -0.043212 0.023931 -0.036579 
1 -0.077129 0.571011 -0.817311 0.212439 -0.791516 -0.573037 -0.974126 -0.217826 -0.060256 -0.01639 0.024559 -0.048805 
1 0.082275 0.0668 0.994368 -0.226384 -0.970416 0.083922 0.970558 -0.232013 -0.064719 0.05456 0.015838 0.085945 
1 0.919461 0.368513 -0.137077 0.393155 -0.865816 0.309502 -0.0046285 -0.338467 -0.940967 0.091358 0.021915 -0.030526 
