1 -0.200543 -0.552084 0.809312 0.107751 0.808653 0.578334 -0.973742 0.203184 -0.102682 0.023768 0.035606 -0.079194
1 0.201680 0.552962 0.808429 -0.108538 -0.807689 0.579533 0.973419 -0.204626 -0.102878 0.051639 0.023198 0.068302
1 -0.202211 0.113582 -0.972733 0.561910 -0.800039 -0.210226 -0.802103 -0.589097 0.097954 -0.023620 -0.002254 -0.074419
1 0.224236 -0.557398 -0.799391 -0.070583 0.808836 -0.583784 0.971976 0.187328 0.142027 0.006316 -0.010350 0.074975
