1 0.2011600 0.9740611 -0.1036296 0.4394093 0.0048206 0.8982733 0.8754736 -0.2262323 -0.4270414 0.016038 0.086099 0.036924 
1 0.228719 -0.971647 0.059918 0.360664 0.027406 -0.932293 0.904218 0.234843 0.356706 0.019750 0.023688 0.063602 
1 0.333447 0.653440 -0.679582 0.365104 0.575084 0.732105 0.869203 -0.492235 -0.046813 0.0019287 0.0545238 0.0578567 
1 0.415316 -0.695930 0.585828 0.269185 -0.521134 -0.809913 0.868938 0.494065 -0.029101 0.0496366 -0.0011220 0.0576071 

