1 0.419814 0.906550 0.043875 0.277800 -0.174367 0.944681 0.864052 -0.384402 -0.325041 -7.4618e-04 5.4500e-02 3.4079e-02 
1 0.419377 -0.905311 0.067348 0.497172 0.166970 -0.851435 0.759568 0.390555 0.520118 3.5984e-02 4.0900e-04 4.1626e-02 
1 0.4686511 0.6092636 -0.6396586 0.3958731 0.5024740 0.7686370 0.7897150 -0.6134473 -0.0057064 9.6111e-05 2.5633e-02 4.3366e-02 
1 0.474777 -0.645787 0.597951 0.404920 -0.442952 -0.799896 0.781426 0.621895 0.051188 0.038000 -0.028034 0.048239 

