69.1502 -0.202576 -0.173885 -0.963705 -0.127739 -0.971008 0.202055 -0.970899 0.164034 0.174491 -0.049488 -0.00957333 -0.0485116 0 
69.1502 -0.205676 0.173727 0.963076 -0.127868 0.970909 -0.202448 -0.970231 -0.164785 -0.177479 0.0138354 -0.0229327 -0.0600704 0 
68.8914 0.48378 -0.203251 -0.851261 -0.404711 -0.91437 -0.0116816 -0.775994 0.350166 -0.524612 0.00262157 -0.0332019 -0.0597013 0 
68.8914 0.481 0.203624 0.852746 -0.405452 0.914057 0.0104346 -0.777334 -0.350767 0.522221 0.0531503 -0.0427652 -0.0220422 0 
61.0395 -0.770078 -0.27795 -0.574215 0.22446 -0.960592 0.163954 -0.597158 -0.00263117 0.80212 -0.0718487 0.0222074 -0.00503697 0 
61.0395 -0.772057 0.277353 0.571842 0.22422 0.960766 -0.163263 -0.594687 0.00217006 -0.803954 -0.0396585 -0.00213019 -0.0541721 0 
60.6119 0.886932 -0.348845 -0.302753 -0.444209 -0.823856 -0.352051 -0.126613 0.446731 -0.885664 0.0493042 -0.0431617 -0.0274897 0 
60.6119 0.899715 0.319399 0.297485 -0.414736 0.838013 0.354583 -0.136043 -0.442402 0.886438 0.0644932 -0.0325964 0.0334002 0 
53.1652 -0.900307 0.423656 -0.0998165 0.413348 0.904045 0.108842 0.13635 0.0567318 -0.989035 -0.0699881 0.02053 -0.0107875 0 
53.1652 -0.900281 -0.424353 0.0970452 0.414381 -0.903724 -0.107568 0.133349 -0.0566275 0.98945 -0.0577229 0.026995 0.0512573 0 
52.8819 0.771417 0.525977 -0.358138 -0.225584 0.752314 0.618979 0.595002 -0.396701 0.699 0.0337986 -0.00869355 0.076698 0 
52.8819 0.770718 -0.525381 0.360512 -0.223096 -0.752488 -0.61967 0.596843 0.397162 -0.697166 0.0636898 -0.036065 0.0277173 0 
49.0712 -0.48164 0.599706 -0.639043 0.404088 0.799023 0.445282 0.777648 -0.0437642 -0.627175 -0.0610884 0.0275098 0.0455887 0 
49.0712 -0.48314 -0.600079 0.637558 0.406075 -0.798709 -0.444035 0.775679 0.0443651 0.629566 -0.0132677 0.0107379 0.0840381 0 
48.9785 0.205036 0.629603 -0.749373 0.126504 0.74217 0.658164 0.970545 -0.229746 0.0725248 -0.0147077 0.0227449 0.0801467 0 
48.9785 0.203216 -0.629445 0.750001 0.129103 -0.742071 -0.657771 0.970585 0.230497 -0.0695372 0.0346188 -0.0204625 0.0754621 0 
21.1843 0.038047 0.799327 0.59969 -0.916869 0.266569 -0.29714 -0.397371 -0.538532 0.743021 0.0599126 -0.0446373 -0.00636621 0 
21.1843 0.0728238 -0.797414 -0.599022 -0.91064 -0.298104 0.286126 -0.406732 0.524657 -0.747867 0.0366292 -0.0217694 -0.060898 0 
20.9173 0.250829 -0.857583 -0.449039 -0.906369 -0.0451463 -0.420067 0.33997 0.51236 -0.788611 0.0506976 -0.0481289 -0.00927531 0 
19.6389 -0.214975 0.812505 0.541869 -0.392007 0.436394 -0.809871 -0.894492 -0.386518 0.224694 0.0287796 -0.0286349 -0.0531675 0 
19.6389 -0.212677 -0.81267 -0.542527 -0.39416 -0.436698 0.808661 -0.894095 0.385826 -0.227446 0.0116809 0.0288723 -0.0743562 0 
19.1355 0.324457 0.929809 0.173733 -0.366528 -0.0457349 0.929282 0.872001 -0.36519 0.325962 0.0562369 0.0309146 0.0697676 0 
19.1355 0.325709 -0.929557 -0.172732 -0.363701 0.0454524 -0.930406 0.872717 0.365865 -0.323277 0.0625001 -0.0261478 0.0424046 0 
17.7738 -0.356978 -0.881492 -0.309093 0.356983 -0.434517 0.826897 -0.863209 0.184843 0.469791 0.0105422 0.0807155 -0.0494581 0 
17.7738 -0.342311 0.887119 0.309585 0.362764 0.428725 -0.827404 -0.866732 -0.170923 -0.468573 0.0110197 0.0224343 -0.0751157 0 
17.398 0.2141 -0.974504 0.0670997 0.394489 0.0234193 -0.918602 0.89361 0.223143 0.389445 0.0628686 0.0263612 0.0678152 0 
17.398 0.213552 0.97467 -0.0664415 0.391678 -0.0231151 0.919812 0.894977 -0.222451 -0.386693 0.0378592 0.0816954 0.0483548 0 
16.7503 -0.00226009 -0.972511 -0.232846 0.850793 -0.12423 0.510606 -0.525496 -0.19695 0.827686 -0.0615575 0.0346467 0.0139222 0 
16.7503 -0.0211756 0.972304 0.232757 0.852307 0.139253 -0.504164 -0.522613 0.187705 -0.831651 -0.0624975 0.0020726 -0.0406455 0 
16.6414 -0.282189 -0.958749 -0.0341914 0.900806 -0.277058 0.334345 -0.330026 0.0635487 0.94183 0.0219204 0.100704 0.00324634 0 
16.6414 -0.250235 0.967524 0.0357611 0.907461 0.247255 -0.339676 -0.337487 -0.0525472 -0.939862 0.01013 0.0771106 -0.0546241 0 
16.5755 0.0752058 -0.992959 -0.0915266 0.975116 0.0924286 -0.201509 0.20855 -0.0740944 0.975201 -0.0516326 0.0204686 0.0681767 0 
16.511 -0.0390852 -0.991618 0.123147 0.917853 -0.0843447 -0.387856 0.394992 0.0978717 0.913456 0.0481912 0.0798711 0.050236 0 
16.511 -0.0394732 0.991588 -0.123268 0.916589 0.0850545 0.390679 0.397877 -0.0975649 -0.912236 0.0307609 0.103637 -0.00647833 0 
15.7795 -0.131572 -0.915698 -0.379719 0.224323 -0.400615 0.888362 -0.965592 0.0317039 0.258122 -0.0584958 0.00805868 -0.0369731 0 
15.7795 -0.116284 0.917692 0.379893 0.229489 0.396963 -0.888681 -0.96634 -0.0161584 -0.256761 -0.0492359 -0.0526674 -0.0533073 0 
15.4327 0.0935601 -0.994535 -0.0463288 0.535811 0.0895164 -0.839579 0.839138 0.0537277 0.541258 -0.0488941 -0.0304447 0.0967465 0 
15.4327 0.0926475 0.994607 0.0466153 0.533293 -0.0891028 0.841225 0.840842 -0.0530777 -0.538673 -0.0545683 0.0241772 0.0638057 0 
14.5384 -0.0430928 0.889602 0.454698 -0.525992 0.366737 -0.767357 -0.849397 -0.272235 0.45212 -0.0456672 -0.101952 -0.0221241 0 
14.5384 -0.0410045 -0.889635 -0.454828 -0.528067 -0.367144 0.765735 -0.848212 0.271578 -0.454733 -0.0715996 -0.0509039 -0.0525355 0 
14.2658 0.114769 0.985324 0.12635 -0.229728 -0.0974174 0.968367 0.966464 -0.140165 0.215176 -0.0454777 -0.023959 0.0969102 0 
14.2658 0.133084 -0.983138 -0.125413 -0.224079 0.0934146 -0.970084 0.965442 0.157205 -0.207868 -0.0486818 -0.0866462 0.081597 0 
13.7488 -0.0413124 0.909192 0.414322 -0.975221 0.0535099 -0.214663 -0.21734 -0.412923 0.884453 -0.0558154 -0.115479 0.0378069 0 
13.7488 0.0122828 -0.909938 -0.414562 -0.974602 -0.103607 0.198536 -0.223607 0.401594 -0.8881 -0.0665302 -0.101842 -0.0233304 0 
13.6516 0.0545071 0.958203 0.280849 -0.851668 -0.102212 0.514018 0.52124 -0.267208 0.810499 -0.0525849 -0.0831177 0.0861801 0 
13.6516 0.108273 -0.95402 -0.279503 -0.847179 0.058563 -0.52807 0.520158 0.293965 -0.801886 -0.0552604 -0.11676 0.0323208 0 
1 -0.094767 -0.95923 -0.26628 0.00021191 -0.2675 0.96356 -0.9955 0.091257 0.025553 -0.0611872 -0.0092298 -0.0465794 
1 -0.0076362 -0.93655 -0.35045 -0.99997 0.0072952 0.0022933 0.00040886 0.35046 -0.93658 -0.0579261 -0.11039 -0.0093042 
1 0.07954 -0.9605 -0.26667 -0.00030456 0.2675 -0.96356 0.99683 0.076722 0.020984 -0.049109 -0.072977 0.091472 
1 0.080625 0.611785 -0.786905 0.192344 0.765087 0.614529 0.97801 -0.200903 -0.055989 -0.027472 0.018791 0.079365 
1 0.924758 0.338188 0.174506 -0.380555 0.823343 0.421051 -0.0012838 -0.45578 0.890091 0.062868 -0.027346 0.042712 
1 -0.074737 0.119727 0.98999 -0.178577 0.975111 -0.131409 -0.981083 -0.186611 -0.051496 0.020496 -0.0316 -0.056384 
1 -0.918962 0.393303 0.0286541 0.394341 0.916869 0.0620175 -0.0018805 0.0682914 -0.997664 -0.069848 0.014537 -0.019739 
1 -0.144626 -0.989462 0.0069838 0.989483 -0.144639 -0.0014364 0.0024313 0.0067023 0.999974 0.036248 0.096567 0.027508 
1 0.13009 -0.846287 -0.516599 -0.9915 -0.110067 -0.0693686 0.0018455 0.521233 -0.853412 0.03772 -0.041113 -0.033805 
1 0.094767 0.95923 0.26628 0.00021191 -0.2675 0.96356 0.9955 -0.091257 -0.025553 -0.0480128 -0.0092298 0.0913794 
1 0.0076362 0.93655 0.35045 -0.99997 0.0072952 0.0022933 -0.00040886 -0.35046 0.93658 -0.051274 -0.11039 0.054104 
1 0.0075831 0.983179 0.182491 0.999971 -0.0072704 -0.0023825 -0.0010157 0.182505 -0.983205 -0.0568304 0.0281866 -0.0094065 
1 0.278603 0.952657 0.121767 0.038873 -0.13787 0.989687 0.959619 -0.270996 -0.075444 0.052168 0.062011 0.06223 
1 0.144792 0.844282 0.515969 -0.98946 0.124519 0.0739116 -0.0018455 -0.521233 0.853412 0.056052 -0.03857 0.027205 
1 -0.92471 -0.379899 -0.0242613 0.380668 -0.922504 -0.063864 0.0018805 -0.0682914 0.997664 -0.065297 0.025362 0.042939 
1 -0.264029 0.883083 0.387884 -0.036944 0.3926 -0.918967 -0.963807 -0.256964 -0.071033 0.0238675 -0.0062733 -0.0691241 
1 0.264112 -0.956616 -0.123012 0.036341 0.137321 -0.989859 0.963807 0.256964 0.071033 0.059895 -0.0012741 0.0625241 
1 -0.07954 0.9605 0.26667 -0.00030456 0.2675 -0.96356 -0.99683 -0.076722 -0.020984 -0.060091 -0.072977 -0.046672 
1 0.918915 -0.351639 -0.178735 -0.394454 -0.817689 -0.419274 0.0012838 0.45578 -0.890091 0.057483 -0.040156 -0.019512 
1 -0.278661 -0.879124 -0.38664 -0.038453 -0.39205 0.919139 -0.959619 0.270996 0.075444 0.014071 0.056724 -0.06883 
1 -0.081015 -0.11859 -0.989632 -0.19218 -0.972407 0.132259 -0.97801 0.200903 0.055989 -0.038688 -0.0078908 -0.0561651 
1 0.075298 -0.612922 0.786547 0.178341 -0.767791 -0.615379 0.981083 0.186611 0.051496 0.030876 -0.0069059 0.0795835 
1 -0.0075831 -0.983179 -0.182491 0.999971 -0.0072704 -0.0023825 0.0010157 -0.182505 0.983205 -0.05237 0.028187 0.054206 
1 -0.130256 0.991461 -0.0063289 0.991477 0.130236 -0.0032834 -0.0024313 -0.0067023 -0.999974 0.01998 0.09431 -0.034108 
