50.329 -0.18508 -0.174435 -0.967118 -0.284975 0.951361 -0.117057 0.940497 0.25394 -0.225787 -0.0227829 -0.0237269 0.0545959 0 
50.329 -0.188191 0.174291 0.966544 -0.284598 -0.951581 0.11618 0.939994 -0.253213 0.228682 0.034785 -0.00528916 0.0747981 0 
49.5357 -0.496272 0.598474 -0.628922 -0.0499622 -0.742913 -0.667521 -0.866728 -0.29985 0.398588 -0.0402939 -0.0116106 -0.0521294 0 
49.5357 -0.497743 -0.598858 0.627392 -0.0525916 0.742873 0.667363 -0.865729 0.29918 -0.401254 0.00546865 0.0205535 -0.082599 0 
36.8822 0.498385 -0.207221 -0.841827 0.0512226 0.976356 -0.210011 0.865442 0.0615459 0.497215 0.0304791 -0.00352738 0.0719856 0 
36.8822 0.49563 0.207606 0.843357 0.0513313 -0.976317 0.210169 0.867015 -0.0608756 -0.494549 0.0796829 0.0246312 0.043242 0 
36.5665 0.187549 0.631789 -0.752109 0.285967 -0.767648 -0.573532 -0.939706 -0.107513 -0.324643 0.00404405 0.0174553 -0.0808647 0 
36.5665 0.171058 -0.637699 0.751052 0.314484 0.757752 0.571762 -0.933723 0.13839 0.330166 0.0595729 0.0422267 -0.0622402 0 
23.4292 -0.199488 -0.974951 -0.0983607 0.0143558 -0.103275 0.994549 -0.979795 0.196988 0.0345984 -0.0240041 0.0659396 -0.0668784 0 
23.4292 -0.200544 0.974796 0.097745 0.0173373 0.103288 -0.9945 -0.979531 -0.197746 -0.037614 -0.034833 0.00334112 -0.0646593 0 
23.2518 -0.0501142 0.4207 -0.905815 -0.125768 0.897076 0.423599 0.990793 0.135151 0.00795445 -0.0124314 -0.025394 0.0611851 0 
23.2518 -0.0425297 -0.407273 0.912316 -0.0726961 -0.90946 -0.409387 0.996447 -0.0837329 0.00907195 0.0505614 -0.0334089 0.0638381 0 
22.2697 0.199055 0.894812 0.399611 -0.0170974 -0.404538 0.914361 0.979839 -0.18884 -0.0652264 0.00369452 0.0638372 0.074525 0 
22.2697 0.200976 -0.894657 -0.398996 -0.0145957 0.404526 -0.91441 0.979487 0.189598 0.068242 -0.0056537 0.00101651 0.0774589 0 
20.284 0.0391704 0.204469 -0.978089 0.109663 -0.973807 -0.199182 -0.993197 -0.0994579 -0.0605671 -0.0077486 -0.0141974 -0.0812873 0 
20.284 0.0389745 -0.152423 0.987547 0.0907281 0.984755 0.148411 -0.995113 0.083814 0.0522093 0.0568054 -0.0141364 -0.0779152 0 
19.9753 -0.0308249 -0.999509 -0.00553914 0.708506 -0.0257586 0.705235 -0.705032 0.0178143 0.708952 -0.00956613 0.106516 -0.0236737 0 
19.9753 -0.0316152 0.999485 0.00544304 0.710653 0.0263077 -0.703051 -0.702832 -0.0183589 -0.711119 -0.0256833 0.0621631 -0.0662471 0 
19.4483 0.250944 0.942928 0.218895 0.686304 -0.332779 0.646718 0.682652 -0.0120616 -0.730644 0.000702682 0.105795 0.0323599 0 
19.4483 0.252346 -0.942733 -0.21812 0.688034 0.333311 -0.644603 0.68039 0.012589 0.732742 0.00284335 0.0606765 0.0770613 0 
