1 0.080625 0.611785 -0.786905 0.192344 0.765087 0.614529 0.978010 -0.200903 -0.055989 -0.026908 0.020138 0.086211 
1 0.9247576 0.3381884 0.1745064 -0.3805552 0.8233430 0.4210512 -0.0012838 -0.4557802 0.8900912 0.069341 -0.030010 0.042703 
1 -0.074737 0.119727 0.989990 -0.178577 0.975111 -0.131409 -0.981083 -0.186611 -0.051496 0.019973 -0.032850 -0.063251 
1 -0.9189624 0.3933035 0.0286541 0.3943414 0.9168693 0.0620175 -0.0018805 0.0682914 -0.9976635 -0.076281 0.017297 -0.019752 
1 -0.081015 -0.118590 -0.989632 -0.192180 -0.972407 0.132259 -0.978010 0.200903 0.055989 -0.0392552 -0.0092361 -0.0630112 
1 0.9189149 -0.3516387 -0.1787346 -0.3944543 -0.8176890 -0.4192739 0.0012838 0.4557802 -0.8900912 0.063915 -0.042917 -0.019503 
1 0.075298 -0.612922 0.786547 0.178341 -0.767791 -0.615379 0.981083 0.186611 0.051496 0.0314031 -0.0056575 0.0864511 
1 -0.9247101 -0.3798989 -0.0242613 0.3806681 -0.9225041 -0.0638640 0.0018805 -0.0682914 0.9976635 -0.071770 0.028027 0.042952 
1 0.278603 0.952657 0.121767 0.038873 -0.137870 0.989687 0.959619 -0.270996 -0.075444 0.054118 0.062283 0.068947 
1 0.1447917 0.8442822 0.5159687 -0.9894603 0.1245189 0.0739116 -0.0018455 -0.5212327 0.8534122 0.057066 -0.045496 0.027192 
1 -0.264029 0.883083 0.387884 -0.036944 0.392600 -0.918967 -0.963807 -0.256964 -0.071033 0.0220193 -0.0065319 -0.0758708 
1 -0.1302556 0.9914609 -0.0063289 0.9914773 0.1302363 -0.0032834 -0.0024313 -0.0067023 -0.9999743 0.019069 0.101250 -0.034125 
1 -0.278661 -0.879124 -0.386640 -0.038453 -0.392050 0.919139 -0.959619 0.270996 0.075444 0.012121 0.056455 -0.075547 
1 0.1300903 -0.8462875 -0.5165991 -0.9915003 -0.1100669 -0.0693686 0.0018455 0.5212327 -0.8534122 0.038631 -0.048054 -0.033792 
1 0.264112 -0.956616 -0.123012 0.036341 0.137321 -0.989859 0.963807 0.256964 0.071033 0.0617438 -0.0010197 0.0692708 
1 -0.1446264 -0.9894624 0.0069838 0.9894832 -0.1446392 -0.0014364 0.0024313 0.0067023 0.9999743 0.035236 0.103494 0.027525 
1 9.4767e-02 9.5923e-01 2.6628e-01 2.1191e-04 -2.6750e-01 9.6356e-01 9.9550e-01 -9.1257e-02 -2.5553e-02 -0.0473494 -0.0092283 0.0983479 
1 7.6362e-03 9.3655e-01 3.5045e-01 -9.9997e-01 7.2952e-03 2.2933e-03 -4.0886e-04 -3.5046e-01 9.3658e-01 -0.051220 -0.117389 0.054101 
1 -7.9540e-02 9.6050e-01 2.6667e-01 -3.0456e-04 2.6750e-01 -9.6356e-01 -9.9683e-01 -7.6722e-02 -2.0984e-02 -0.060648 -0.072979 -0.053650 
1 0.0075831 0.9831790 0.1824913 0.9999710 -0.0072704 -0.0023825 -0.0010157 0.1825047 -0.9832049 -0.0567773 0.0351864 -0.0094136 
1 -9.4767e-02 -9.5923e-01 -2.6628e-01 2.1191e-04 -2.6750e-01 9.6356e-01 -9.9550e-01 9.1257e-02 2.5553e-02 -0.0618506 -0.0092283 -0.0535479 
1 -7.6362e-03 -9.3655e-01 -3.5045e-01 -9.9997e-01 7.2952e-03 2.2933e-03 4.0886e-04 3.5046e-01 -9.3658e-01 -0.0579795 -0.1173893 -0.0093013 
1 7.9540e-02 -9.6050e-01 -2.6667e-01 -3.0456e-04 2.6750e-01 -9.6356e-01 9.9683e-01 7.6722e-02 2.0984e-02 -0.048552 -0.072979 0.098450 
1 -0.0075831 -0.9831790 -0.1824913 0.9999710 -0.0072704 -0.0023825 0.0010157 -0.1825047 0.9832049 -0.052423 0.035186 0.054214 
