38.4842 -1.90087e-06 0.258812 -0.965928 -1 8.25273e-06 4.17917e-06 9.05316e-06 0.965928 0.258812 0.0164893 -0.196999 0.000478304 -1.86271e-45 
38.4842 -9.10939e-06 -0.258812 0.965928 -1 4.67275e-07 -9.30552e-06 1.95703e-06 -0.965928 -0.258812 -0.0164923 -0.196999 0.00103147 8.39216e-316 
38.484 0.7071 -0.18301 0.68302 -0.707113 -0.183014 0.683006 5.13331e-06 -0.965926 -0.258818 0.127638 -0.150961 0.0010322 -1.86271e-45 
38.484 0.707105 0.183004 -0.683016 -0.707108 0.18302 -0.683009 1.22294e-05 0.965926 0.258818 0.15096 -0.127639 0.000478832 8.56146e-261 
38.4836 -0.707108 0.183008 -0.683013 -0.707105 -0.183005 0.683016 2.65209e-06 0.965928 0.25881 -0.12764 -0.150959 0.000477074 -1.86271e-45 
38.4836 -0.707113 -0.183002 0.683009 -0.7071 0.183011 -0.68302 -4.44406e-06 -0.965928 -0.25881 -0.150962 -0.127638 0.00103018 8.01553e-316 
38.4834 1 7.56583e-07 9.63349e-06 -9.1094e-06 -0.258824 0.965925 3.22418e-06 -0.965925 -0.258824 0.196999 -0.0164912 0.00103192 -1.86271e-45 
38.4834 1 -9.47659e-06 -4.50714e-06 -1.90079e-06 0.258824 -0.965925 1.03202e-05 0.965925 0.258824 0.197 0.0164904 0.000478351 7.85138e-313 
38.4828 -1 -3.60624e-06 1.00161e-06 1.90083e-06 -0.258813 0.965927 -3.22414e-06 0.965927 0.258813 -0.197 -0.016489 0.000475864 -1.86271e-45 
38.4828 -1 1.23263e-05 -6.12796e-06 9.10936e-06 0.258813 -0.965927 -1.03203e-05 -0.965927 -0.258813 -0.197 0.0164926 0.00102907 -1.86271e-45 
38.4825 0.707113 0.183015 -0.683005 0.7071 -0.183022 0.683017 -2.65203e-06 -0.965924 -0.258827 0.150961 0.127639 0.00103082 8.90104e-307 
38.4825 0.707108 -0.183021 0.683009 0.707105 0.183016 -0.683013 4.44399e-06 0.965924 0.258827 0.12764 0.150961 0.000477141 4.08082e-260 
38.4821 -0.707105 -0.183017 0.683013 0.707108 -0.183009 0.683012 -5.13332e-06 0.965926 0.25882 -0.15096 0.127641 0.000475382 2.50751e-259 
38.4821 -0.7071 0.183023 -0.683017 0.707113 0.183003 -0.683009 -1.22294e-05 -0.965926 -0.25882 -0.127639 0.150962 0.0010288 8.90104e-307 
38.482 9.10944e-06 0.258825 -0.965924 1 -1.11024e-05 6.45585e-06 -9.05311e-06 -0.965924 -0.258825 0.0164915 0.197001 0.00102953 -1.86271e-45 
38.482 1.90082e-06 -0.258825 0.965924 1 2.38237e-06 -1.32951e-06 -1.95707e-06 0.965924 0.258825 -0.0164901 0.197001 0.000475911 -1.86271e-45 
