2.98607 -0.00820296 -0.211751 -0.977289 0.0689924 -0.975113 0.2107 -0.997583 -0.0656972 0.022608 0.0265713 0.0358745 -0.0995566 0.0214 -0.0458 
2.945 -0.964853 -0.259624 0.0406691 0.015867 0.0969215 0.995166 -0.26231 0.960834 -0.0893955 -0.108164 -0.0260511 0.0549542 0.0218 -0.0368 
2.27489 0.0574799 -0.259875 -0.96393 -0.989301 -0.144505 -0.0200343 -0.134086 0.954769 -0.265401 0.107561 -0.0744689 0.00297101 0.0524 -0.0254 
2.07112 -0.262451 -0.921285 0.286973 -0.17264 -0.247768 -0.953313 0.949376 -0.299741 -0.0940238 -0.00745891 -0.027844 0.234434 0.0264 -0.0388 
1.76288 0.964472 -0.244772 0.0994024 -0.0161188 -0.43008 -0.902647 0.263694 0.868975 -0.418745 0.172067 -0.0460568 0.128559 0.0218 -0.0364 
1.63405 -0.00820296 -0.211751 -0.977289 0.0689924 -0.975113 0.2107 -0.997583 -0.0656972 0.022608 0.0555328 0.0683128 -0.0975361 0.0524 -0.0568 
1.53982 -0.262451 -0.921285 0.286973 -0.17264 -0.247768 -0.953313 0.949376 -0.299741 -0.0940238 -0.0139393 0.00950797 0.260512 0.0298 -0.0402 
1.45944 -0.00820296 -0.211751 -0.977289 0.0689924 -0.975113 0.2107 -0.997583 -0.0656972 0.022608 0.0865174 0.0680045 -0.0677467 0.0524 -0.0568 
1.32108 -0.0078426 0.211981 0.977242 0.135302 0.96851 -0.209001 -0.990773 0.130584 -0.0362772 0.11471 0.0712238 -0.0569294 0.0538 -0.0468 
1.23773 0.00737442 0.322278 0.946616 -0.13533 -0.937612 0.320266 0.990773 -0.130467 0.0366994 0.116026 0.0475605 0.182067 0.0554 -0.0452 
1.22286 -0.00729104 -0.211971 -0.977249 0.133889 -0.968682 0.209114 -0.99097 -0.129318 0.0354433 0.135367 0.0810884 -0.0557472 0.0554 -0.0452 
1.18726 0.261046 -0.937704 0.229271 0.172664 0.279033 0.944631 -0.949759 -0.207006 0.234748 0.06661 -0.00494394 -0.0358728 0.0242 -0.0372 
1.14696 0.00775923 -0.322287 -0.94661 -0.133862 0.937784 -0.32038 0.99097 0.129201 -0.0358654 -0.0456523 0.02954 0.180854 0.0538 -0.0468 
1.01585 0.00828665 0.322487 0.946538 -0.070443 -0.94403 0.322249 0.997481 -0.0693473 0.0148941 -0.0187735 0.0443464 0.182124 0.0528 -0.0562 
1.00585 -0.00820296 -0.211751 -0.977289 0.0689924 -0.975113 0.2107 -0.997583 -0.0656972 0.022608 -0.005843 0.0640502 -0.0872875 0.0528 -0.0564 
0.944606 -0.00820296 -0.211751 -0.977289 0.0689924 -0.975113 0.2107 -0.997583 -0.0656972 0.022608 -0.0366581 0.0629645 -0.0971262 0.0524 -0.0562 
0.87509 0.00737442 0.322278 0.946616 -0.13533 -0.937612 0.320266 0.990773 -0.130467 0.0366994 -0.0306416 0.0390781 0.182035 0.0554 -0.0508 
0.847953 -0.00729104 -0.211971 -0.977249 0.133889 -0.968682 0.209114 -0.99097 -0.129318 0.0354433 -0.0479685 0.0704853 -0.0557874 0.0554 -0.0452 
0.839177 -0.0078426 0.211981 0.977242 0.135302 0.96851 -0.209001 -0.990773 0.130584 -0.0362772 -0.0686248 0.0606208 -0.0569697 0.0538 -0.0468 
0.789319 0.00775923 -0.322287 -0.94661 -0.133862 0.937784 -0.32038 0.99097 0.129201 -0.0358654 0.137683 0.0401431 0.180894 0.0538 -0.0468 
0.734804 0.0570007 0.259802 0.963978 -0.989132 0.145769 0.0192018 -0.13553 -0.954596 0.265287 -0.024103 -0.0733379 0.0129457 0.0338 -0.0442 
0.721047 -0.262451 -0.921285 0.286973 -0.17264 -0.247768 -0.953313 0.949376 -0.299741 -0.0940238 -0.00621339 -0.0686535 0.227347 0.0224 -0.0364 
0.705267 -0.261032 0.921619 -0.287193 -0.173126 0.247989 0.953168 0.949679 0.298528 0.0948229 -0.0202154 0.0266791 0.251377 0.0504 -0.0238 
0.698749 -0.262451 -0.921285 0.286973 -0.17264 -0.247768 -0.953313 0.949376 -0.299741 -0.0940238 -0.0151848 0.0503176 0.267599 0.0342 -0.0424 
0.574066 -0.00875483 0.211761 0.977282 0.0704158 0.975024 -0.210641 -0.997479 0.066972 -0.0234475 -0.0224994 0.0865177 -0.105625 0.0342 -0.0258 
0.573338 -0.0135966 0.976257 -0.216189 0.226066 -0.207609 -0.951731 -0.974017 -0.0618133 -0.217876 0.035586 -0.060304 -0.100828 0.0318 -0.0238 
0.55326 -0.00820296 -0.211751 -0.977289 0.0689924 -0.975113 0.2107 -0.997583 -0.0656972 0.022608 0.0844094 0.101448 -0.105491 0.0344 -0.0258 
0.378333 0.00828665 0.322487 0.946538 -0.070443 -0.94403 0.322249 0.997481 -0.0693473 0.0148941 0.104148 0.0514775 0.181577 0.0524 -0.0568 
0.325113 -0.00875483 0.211761 0.977282 0.0704158 0.975024 -0.210641 -0.997479 0.066972 -0.0234475 0.100422 0.0936488 -0.106172 0.0344 -0.0248 
0.279294 0.211063 0.962565 0.170061 -0.970859 0.186233 0.150833 0.113515 -0.19694 0.973822 0.106656 -0.212052 0.098198 0.0264 -0.0562 
0.275196 -0.0150261 -0.976239 0.216177 0.22553 0.207321 0.951921 -0.97412 0.0630581 0.217056 0.0434858 -0.044714 -0.0973305 0.0324 -0.0238 
0.252016 -0.261032 0.921619 -0.287193 -0.173126 0.247989 0.953168 0.949679 0.298528 0.0948229 -0.0214609 0.0674887 0.258464 0.0518 -0.0272 
0.219531 -0.0536504 -0.958224 0.28094 0.972645 -0.113827 -0.202496 0.226016 0.262391 0.938119 0.040776 0.00936402 0.0330395 0.0324 -0.0234 
0.215208 0.422061 0.793352 -0.438698 0.195265 0.392999 0.898568 0.885289 -0.464913 0.0109557 0.103972 -0.024882 0.218791 0.0304 -0.0264 
0.202449 -0.00875483 0.211761 0.977282 0.0704158 0.975024 -0.210641 -0.997479 0.066972 -0.0234475 0.0408148 0.0587307 -0.0980805 0.0548 -0.0438 
0.188117 0.0536437 0.965883 -0.253361 -0.972539 -0.00700882 -0.232633 -0.226472 0.258883 0.938983 0.0436968 -0.205103 -0.016719 0.0322 -0.0238 
0.161462 0.0521961 -0.965951 0.253406 -0.972725 0.00825181 0.231815 -0.226013 -0.258594 -0.939174 0.0504094 -0.167412 -0.000384041 0.0324 -0.0238 
0.107129 -0.00820296 -0.211751 -0.977289 0.0689924 -0.975113 0.2107 -0.997583 -0.0656972 0.022608 0.0248025 0.06653 -0.0973994 0.0524 -0.0462 
0.0630231 -0.00820296 -0.211751 -0.977289 0.0689924 -0.975113 0.2107 -0.997583 -0.0656972 0.022608 0.0536791 0.0996654 -0.105354 0.0334 -0.0258 
0.044004 0.0521961 -0.965951 0.253406 -0.972725 0.00825181 0.231815 -0.226013 -0.258594 -0.939174 0.0506089 -0.171938 -0.0250826 0.0318 -0.0234 
