8.90471 0.999988 0.00200407 0.0045137 -0.00116767 0.983994 -0.178198 -0.00479857 0.178191 0.983984 0.169984 -0.00951162 -0.0113228 0.0484 -0.0374 
8.75653 -0.0260684 -0.957976 0.285661 -0.00276847 0.285826 0.958277 -0.999656 0.0241899 -0.0101032 -0.00401912 -0.0149795 -0.15285 0.0254 -0.0254 
8.75643 -0.0260561 0.957976 -0.285661 -0.00277072 -0.285826 -0.958277 -0.999657 -0.0241775 0.0101018 -0.00401715 -0.0149798 -0.15285 0.0248 -0.0258 
8.64587 0.00487334 -0.966115 0.258066 0.0825459 -0.256799 -0.962933 0.996575 0.025995 0.0784974 0.000765379 0.0038943 0.148945 0.0248 -0.0254 
7.98374 -0.0260561 0.957976 -0.285661 -0.00277072 -0.285826 -0.958277 -0.999657 -0.0241775 0.0101018 -0.00439252 -0.0283866 -0.152803 0.0254 -0.0254 
7.98343 -0.0260684 -0.957976 0.285661 -0.00276847 0.285826 0.958277 -0.999656 0.0241899 -0.0101032 -0.0043945 -0.0283863 -0.152803 0.0248 -0.0258 
7.9352 -0.00488574 -0.965715 0.25956 -0.0825459 0.259067 0.962326 -0.996575 -0.016724 -0.0809815 -0.000816946 -0.0494042 -0.167732 0.0248 -0.0254 
7.73552 -0.999988 -0.000509267 -0.00491422 0.00118003 0.941265 -0.337667 0.00479755 -0.337669 -0.941253 -0.180012 -0.00910077 -0.00964342 0.0334 -0.0374 
7.7325 -0.999988 -0.000509267 -0.00491422 0.00118003 0.941265 -0.337667 0.00479755 -0.337669 -0.941253 -0.180023 -0.0225426 -0.00852997 0.0468 -0.0238 
7.56654 0.999268 -0.0337858 -0.0179298 -0.0280756 -0.966259 0.256038 -0.0259753 -0.255347 -0.9665 0.170752 -0.00586534 0.0160399 0.0438 -0.0264 
7.5664 0.999268 -0.0337858 -0.0179298 -0.0280756 -0.966259 0.256038 -0.0259753 -0.255347 -0.9665 0.170377 -0.0192722 0.0160869 0.0304 -0.0398 
7.56319 -0.999269 -0.0202826 0.0324172 0.0280632 -0.964826 0.261388 0.0259753 0.262107 0.964689 -0.179717 -0.009485 0.0117706 0.0314 -0.0392 
7.56286 -0.999269 -0.0202826 0.0324172 0.0280632 -0.964826 0.261388 0.0259753 0.262107 0.964689 -0.179341 0.00392182 0.0117237 0.0448 -0.0258 
7.36605 0.999269 0.0337733 0.0179312 -0.0280632 0.966259 -0.256038 -0.0259734 0.255347 0.9665 0.160384 -0.0189895 0.0163469 0.0394 -0.0392 
7.33673 0.00488574 0.966115 -0.258066 0.0825478 0.256798 0.962933 0.996575 -0.0260074 -0.0784961 0.000788237 0.0307784 0.146718 0.0248 -0.0254 
7.31551 0.999269 0.0337733 0.0179312 -0.0280632 0.966259 -0.256038 -0.0259734 0.255347 0.9665 0.170752 -0.00586335 0.0160402 0.0262 -0.0444 
7.25154 0.999268 -0.0337858 -0.0179298 -0.0280756 -0.966259 0.256038 -0.0259753 -0.255347 -0.9665 0.160035 -0.0190286 0.00293906 0.0388 -0.0402 
7.08722 -0.999268 0.0202951 -0.0324186 0.0280756 0.964825 -0.261388 0.0259734 -0.262107 -0.964689 -0.179341 0.0039238 0.0117234 0.0254 -0.0454 
7.08679 -0.999268 0.0202951 -0.0324186 0.0280756 0.964825 -0.261388 0.0259734 -0.262107 -0.964689 -0.179716 -0.00948301 0.0117703 0.0388 -0.0318 
7.0818 0.026063 0.231592 0.972464 0.00276337 -0.972807 0.2316 0.999656 -0.00334893 -0.0259943 0.0177242 -0.0144708 0.166692 0.0388 -0.0402 
7.07309 -0.999269 -0.0202826 0.0324172 0.0280632 -0.964826 0.261388 0.0259753 0.262107 0.964689 -0.180066 -0.00952214 -0.0016369 0.0314 -0.0388 
7.07302 -0.999269 -0.0202826 0.0324172 0.0280632 -0.964826 0.261388 0.0259753 0.262107 0.964689 -0.179691 0.00388467 -0.00168383 0.0448 -0.0254 
6.89563 0.999269 0.0337733 0.0179312 -0.0280632 0.966259 -0.256038 -0.0259734 0.255347 0.9665 0.160035 -0.0190266 0.00293935 0.0398 -0.0394 
6.88659 0.00488574 0.966115 -0.258066 0.0825478 0.256798 0.962933 0.996575 -0.0260074 -0.0784961 0.000798673 0.0442202 0.145605 0.0248 -0.0254 
6.83071 -0.999268 0.0202951 -0.0324186 0.0280756 0.964825 -0.261388 0.0259734 -0.262107 -0.964689 -0.180066 -0.00952016 -0.00163721 0.0384 -0.0318 
6.81202 -0.0260684 -0.957976 0.285661 -0.00276847 0.285826 0.958277 -0.999656 0.0241899 -0.0101032 -0.00390437 -0.00160034 -0.162893 0.0254 -0.0254 
6.76281 0.000779961 0.964652 -0.263526 0.996586 -0.0225046 -0.0794297 -0.0825526 -0.262565 -0.961377 0.000128613 0.173549 -0.0256544 0.0248 -0.0254 
6.72311 0.999269 0.0337733 0.0179312 -0.0280632 0.966259 -0.256038 -0.0259734 0.255347 0.9665 0.180396 -0.00618119 0.00237293 0.0264 -0.0442 
6.63593 0.026063 0.231592 0.972464 0.00276337 -0.972807 0.2316 0.999656 -0.00334893 -0.0259943 -0.00881981 -0.0136902 0.177385 0.0308 -0.0394 
6.63506 0.026063 0.231592 0.972464 0.00276337 -0.972807 0.2316 0.999656 -0.00334893 -0.0259943 -0.00844443 -0.000283383 0.177338 0.0444 -0.0258 
6.61694 0.999988 -0.00201654 -0.00451233 -0.00118019 -0.983994 0.178198 -0.00479944 -0.178191 -0.983984 0.169984 -0.00951362 -0.0113229 0.0368 -0.0488 
6.50314 0.0260615 -0.231593 -0.972464 0.00277582 0.972807 -0.2316 0.999656 0.00333646 0.0259956 -0.00844468 -0.000281391 0.177338 0.0254 -0.0448 
6.50292 0.0260615 -0.231593 -0.972464 0.00277582 0.972807 -0.2316 0.999656 0.00333646 0.0259956 -0.00882005 -0.0136882 0.177385 0.0388 -0.0314 
6.27537 0.999268 -0.0337858 -0.0179298 -0.0280756 -0.966259 0.256038 -0.0259753 -0.255347 -0.9665 0.170403 -0.00590248 0.00263238 0.0438 -0.0268 
6.20828 0.999971 -0.0065323 -0.00393312 -0.00529774 -0.966191 0.257775 -0.005484 -0.257746 -0.966197 0.16096 -0.0102126 0.0195623 0.0438 -0.0344 
6.20827 0.999971 -0.0065323 -0.00393312 -0.00529774 -0.966191 0.257775 -0.005484 -0.257746 -0.966197 0.160899 -0.0216734 0.0195749 0.0324 -0.0458 
6.1711 0.999971 0.00651983 0.00393449 -0.00528534 0.966191 -0.257775 -0.00548212 0.257746 0.966197 0.17102 0.00119731 0.0194951 0.0224 -0.0474 
6.17108 0.999971 0.00651983 0.00393449 -0.00528534 0.966191 -0.257775 -0.00548212 0.257746 0.966197 0.170899 -0.0217244 0.0195204 0.0454 -0.0248 
6.17106 0.999971 0.00651983 0.00393449 -0.00528534 0.966191 -0.257775 -0.00548212 0.257746 0.966197 0.170959 -0.0102635 0.0195077 0.0338 -0.0362 
6.16102 0.999971 -0.0065323 -0.00393312 -0.00529774 -0.966191 0.257775 -0.005484 -0.257746 -0.966197 0.17102 0.00119532 0.0194948 0.0472 -0.0228 
6.07767 -0.000779971 -0.967178 0.2541 -0.996587 -0.0202243 -0.0800388 0.0825507 -0.253295 -0.963861 -0.000159664 -0.195188 0.00488972 0.0248 -0.0254 
5.96674 0.0260685 0.972464 -0.231593 0.00277037 0.2316 0.972807 0.999656 -0.0260012 0.00334338 0.00495878 -0.000658734 0.17699 0.0242 -0.0264 
5.77877 0.026063 0.231592 0.972464 0.00276337 -0.972807 0.2316 0.999656 -0.00334893 -0.0259943 0.00495791 -0.000659854 0.17699 0.0442 -0.0262 
5.77863 0.026063 0.231592 0.972464 0.00276337 -0.972807 0.2316 0.999656 -0.00334893 -0.0259943 0.00458253 -0.0140667 0.177037 0.0308 -0.0394 
5.73465 0.0260615 -0.231593 -0.972464 0.00277582 0.972807 -0.2316 0.999656 0.00333646 0.0259956 0.00495766 -0.000657862 0.17699 0.0258 -0.0448 
5.73449 0.0260615 -0.231593 -0.972464 0.00277582 0.972807 -0.2316 0.999656 0.00333646 0.0259956 0.00458228 -0.0140647 0.177037 0.0392 -0.0314 
5.69949 0.026056 -0.972464 0.231593 0.00276882 -0.2316 -0.972807 0.999657 0.0259887 -0.003342 0.00495679 -0.000658982 0.17699 0.0258 -0.0248 
5.64461 0.00548974 0.253703 0.967267 0.00106815 -0.967282 0.253701 0.999984 -0.000359567 -0.00558112 0.00178214 -0.0206549 0.18045 0.0242 -0.0454 
5.64454 0.00548974 0.253703 0.967267 0.00106815 -0.967282 0.253701 0.999984 -0.000359567 -0.00558112 0.00190329 0.00226678 0.180425 0.0472 -0.0228 
5.64416 0.00548974 0.253703 0.967267 0.00106815 -0.967282 0.253701 0.999984 -0.000359567 -0.00558112 0.00184271 -0.00919405 0.180437 0.0354 -0.0342 
5.64284 -0.999268 0.0202951 -0.0324186 0.0280756 0.964825 -0.261388 0.0259734 -0.262107 -0.964689 -0.179367 -0.00944587 0.0251779 0.0384 -0.0318 
5.64189 -0.999268 0.0202951 -0.0324186 0.0280756 0.964825 -0.261388 0.0259734 -0.262107 -0.964689 -0.178992 0.00396094 0.0251309 0.0248 -0.0452 
5.61093 0.0054879 -0.253703 -0.967267 0.00108056 0.967282 -0.253701 0.999984 0.000347094 0.00558249 0.00178184 -0.0206529 0.18045 0.0448 -0.0248 
5.61089 0.0054879 -0.253703 -0.967267 0.00108056 0.967282 -0.253701 0.999984 0.000347094 0.00558249 0.00184242 -0.00919207 0.180437 0.0334 -0.0362 
5.61082 0.0054879 -0.253703 -0.967267 0.00108056 0.967282 -0.253701 0.999984 0.000347094 0.00558249 0.001903 0.00226877 0.180425 0.0222 -0.0474 
5.56903 0.026063 0.231592 0.972464 0.00276337 -0.972807 0.2316 0.999656 -0.00334893 -0.0259943 0.0183602 -0.00103633 0.176641 0.0438 -0.0264 
5.54257 0.0260615 -0.231593 -0.972464 0.00277582 0.972807 -0.2316 0.999656 0.00333646 0.0259956 0.01836 -0.00103433 0.176641 0.0258 -0.0444 
5.54155 0.0260615 -0.231593 -0.972464 0.00277582 0.972807 -0.2316 0.999656 0.00333646 0.0259956 0.0179846 -0.0144411 0.176688 0.0394 -0.0308 
5.38651 0.027994 0.958474 -0.283801 0.999602 -0.0278361 0.00459028 -0.00350023 -0.283816 -0.958872 0.00512095 0.175351 -0.00697745 0.0244 -0.0264 
5.3835 0.026056 -0.972464 0.231593 0.00276882 -0.2316 -0.972807 0.999657 0.0259887 -0.003342 0.00533217 0.0127478 0.176943 0.0258 -0.0244 
5.35231 -0.00549501 -0.964531 0.263914 -0.00107337 0.263924 0.964543 -0.999984 0.0050169 -0.00248556 8.51547e-05 -0.0095367 -0.139558 0.0258 -0.0244 
5.30654 0.0260685 0.972464 -0.231593 0.00277037 0.2316 0.972807 0.999656 -0.0260012 0.00334338 0.00533416 0.0127481 0.176943 0.0238 -0.0264 
5.25322 0.00548974 0.253703 0.967267 0.00106815 -0.967282 0.253701 0.999984 -0.000359567 -0.00558112 0.0132428 -0.0207155 0.180387 0.0242 -0.0454 
5.25285 -0.999269 -0.0202826 0.0324172 0.0280632 -0.964826 0.261388 0.0259753 0.262107 0.964689 -0.179367 -0.00944785 0.0251782 0.0312 -0.0388 
5.25201 0.00548974 0.253703 0.967267 0.00106815 -0.967282 0.253701 0.999984 -0.000359567 -0.00558112 0.0133034 -0.0092547 0.180374 0.0354 -0.0342 
5.2515 0.00548974 0.253703 0.967267 0.00106815 -0.967282 0.253701 0.999984 -0.000359567 -0.00558112 0.013364 0.00220613 0.180362 0.0468 -0.0228 
5.25133 -0.999269 -0.0202826 0.0324172 0.0280632 -0.964826 0.261388 0.0259753 0.262107 0.964689 -0.178992 0.00395896 0.0251313 0.0444 -0.0254 
5.20595 0.0054879 -0.253703 -0.967267 0.00108056 0.967282 -0.253701 0.999984 0.000347094 0.00558249 0.0133031 -0.00925271 0.180374 0.0334 -0.0362 
5.20541 0.0054879 -0.253703 -0.967267 0.00108056 0.967282 -0.253701 0.999984 0.000347094 0.00558249 0.0133637 0.00220812 0.180362 0.0222 -0.0474 
5.20481 0.0054879 -0.253703 -0.967267 0.00108056 0.967282 -0.253701 0.999984 0.000347094 0.00558249 0.0132425 -0.0207135 0.180387 0.0452 -0.0248 
5.13845 0.00548974 0.253703 0.967267 0.00106815 -0.967282 0.253701 0.999984 -0.000359567 -0.00558112 -0.00955737 0.00232743 0.180487 0.0472 -0.0224 
5.13828 0.00548974 0.253703 0.967267 0.00106815 -0.967282 0.253701 0.999984 -0.000359567 -0.00558112 -0.00961795 -0.00913341 0.1805 0.0358 -0.0342 
5.13823 0.00548974 0.253703 0.967267 0.00106815 -0.967282 0.253701 0.999984 -0.000359567 -0.00558112 -0.00967853 -0.0205942 0.180513 0.0242 -0.0454 
5.13212 -0.0279941 -0.971965 0.233453 -0.999602 0.0264024 -0.00994073 0.00349833 -0.233638 -0.972317 -0.00453743 -0.194428 0.0211324 0.0244 -0.0258 
5.11013 0.0054879 -0.253703 -0.967267 0.00108056 0.967282 -0.253701 0.999984 0.000347094 0.00558249 -0.00967882 -0.0205923 0.180513 0.0448 -0.0248 
5.11013 0.0054879 -0.253703 -0.967267 0.00108056 0.967282 -0.253701 0.999984 0.000347094 0.00558249 -0.00955767 0.00232941 0.180487 0.0218 -0.0478 
5.11011 0.0054879 -0.253703 -0.967267 0.00108056 0.967282 -0.253701 0.999984 0.000347094 0.00558249 -0.00961825 -0.00913142 0.1805 0.0334 -0.0362 
5.09112 0.0279817 -0.958475 0.283801 0.999602 0.0278236 -0.00458891 -0.00349801 0.283817 0.958872 0.0055382 0.165429 0.019873 0.0258 -0.0244 
5.09104 0.00527937 -0.964478 0.26411 0.999985 0.00538306 -0.0003311 -0.00110238 0.264108 0.964492 0.00196762 0.180632 0.0202302 0.0258 -0.0242 
4.9625 0.0260685 0.972464 -0.231593 0.00277037 0.2316 0.972807 0.999656 -0.0260012 0.00334338 0.00432278 -0.0140932 0.16704 0.0248 -0.0258 
4.8497 0.00529176 0.964478 -0.26411 0.999985 -0.00539554 0.000332474 -0.00110435 -0.264108 -0.964492 0.00191675 0.170632 0.0202409 0.0238 -0.0264 
4.82976 0.026056 -0.972464 0.231593 0.00276882 -0.2316 -0.972807 0.999657 0.0259887 -0.003342 0.00432079 -0.0140935 0.16704 0.0254 -0.0254 
4.68063 -0.00549501 -0.964531 0.263914 -0.00107337 0.263924 0.964543 -0.999984 0.0050169 -0.00248556 0.000145733 0.00192414 -0.13957 0.0258 -0.0244 
4.67908 0.027994 0.958474 -0.283801 0.999602 -0.0278361 0.00459028 -0.00350023 -0.283816 -0.958872 0.00554018 0.165429 0.0198726 0.0242 -0.0264 
4.57341 0.00548261 -0.967267 0.253703 0.00107344 -0.253701 -0.967282 0.999984 0.00557557 -0.000352644 0.00184157 -0.00919321 0.180437 0.0254 -0.0242 
4.57217 -0.00527936 0.967319 -0.253507 -0.999985 -0.00482694 0.0024066 0.00110429 0.253516 0.967331 -3.89075e-05 -0.199362 0.0206495 0.0238 -0.0258 
4.57143 -0.00529177 -0.967319 0.253507 -0.999985 0.00483941 -0.00240797 0.00110245 -0.253516 -0.967331 -4.08937e-05 -0.199362 0.0206492 0.0254 -0.0244 
4.55893 0.999992 0.00328142 -0.00231901 0.00379865 -0.960174 0.279377 -0.0013099 -0.279384 -0.960179 0.159808 -0.0141027 0.0155505 0.0388 -0.0394 
4.55892 0.999992 0.00328142 -0.00231901 0.00379865 -0.960174 0.279377 -0.0013099 -0.279384 -0.960179 0.159844 -0.0235788 0.0153481 0.0294 -0.0488 
4.55891 0.999992 0.00328142 -0.00231901 0.00379865 -0.960174 0.279377 -0.0013099 -0.279384 -0.960179 0.159772 -0.00462654 0.0157529 0.0484 -0.0298 
4.55859 0.999992 -0.0032939 0.00232038 0.003811 0.960174 -0.279377 -0.00130773 0.279384 0.960179 0.159808 -0.0141007 0.0155509 0.0388 -0.0392 
4.55858 0.999992 -0.0032939 0.00232038 0.003811 0.960174 -0.279377 -0.00130773 0.279384 0.960179 0.159844 -0.0235768 0.0153485 0.0484 -0.0298 
4.55858 0.999992 -0.0032939 0.00232038 0.003811 0.960174 -0.279377 -0.00130773 0.279384 0.960179 0.159772 -0.00462456 0.0157533 0.0294 -0.0488 
4.55741 0.00139073 0.262461 0.964942 -0.0213555 -0.964715 0.26243 0.999771 -0.0209718 0.00426334 0.0094971 -0.0178889 0.166235 0.0388 -0.0394 
4.5574 0.00139073 0.262461 0.964942 -0.0213555 -0.964715 0.26243 0.999771 -0.0209718 0.00426334 0.00953289 -0.027365 0.166032 0.0294 -0.0488 
4.55495 0.00138878 -0.262461 -0.964942 -0.0213431 0.964715 -0.26243 0.999771 0.0209593 -0.00426197 0.00953258 -0.0273631 0.166033 0.0484 -0.0298 
4.55495 0.00138878 -0.262461 -0.964942 -0.0213431 0.964715 -0.26243 0.999771 0.0209593 -0.00426197 0.009461 -0.0084108 0.166437 0.0294 -0.0488 
4.55494 0.00138878 -0.262461 -0.964942 -0.0213431 0.964715 -0.26243 0.999771 0.0209593 -0.00426197 0.00949679 -0.0178869 0.166235 0.0388 -0.0394 
4.55364 0.999992 0.00328142 -0.00231901 0.00379865 -0.960174 0.279377 -0.0013099 -0.279384 -0.960179 0.159831 -0.0233764 0.00587195 0.0294 -0.0488 
4.55363 0.999992 0.00328142 -0.00231901 0.00379865 -0.960174 0.279377 -0.0013099 -0.279384 -0.960179 0.159759 -0.00442418 0.00627676 0.0484 -0.0298 
4.55363 0.999992 0.00328142 -0.00231901 0.00379865 -0.960174 0.279377 -0.0013099 -0.279384 -0.960179 0.159795 -0.0139003 0.00607435 0.0388 -0.0394 
4.54624 0.00139073 0.262461 0.964942 -0.0213555 -0.964715 0.26243 0.999771 -0.0209718 0.00426334 0.00944741 -0.00819929 0.15644 0.0484 -0.0298 
4.51391 0.00549502 0.967267 -0.253703 0.00107527 0.253701 0.967282 0.999984 -0.00558804 0.000354017 0.00184356 -0.00919291 0.180437 0.0234 -0.0262 
4.46698 -0.999971 0.00369111 -0.00667047 0.00529774 0.965634 -0.25985 0.0054821 -0.259878 -0.965626 -0.17897 0.00304935 0.0214139 0.0222 -0.0478 
4.4669 -0.999971 0.00369111 -0.00667047 0.00529774 0.965634 -0.25985 0.0054821 -0.259878 -0.965626 -0.179091 -0.0198723 0.0214392 0.0452 -0.0248 
4.46625 -0.999971 0.00369111 -0.00667047 0.00529774 0.965634 -0.25985 0.0054821 -0.259878 -0.965626 -0.17903 -0.00841149 0.0214265 0.0334 -0.0364 
4.41895 -0.00548262 0.964531 -0.263914 -0.00107534 -0.263924 -0.964543 -0.999984 -0.00500443 0.00248419 0.000147715 0.00192382 -0.13957 0.0242 -0.0264 
4.38906 -0.999971 -0.00367864 0.0066691 0.00528534 -0.965635 0.25985 0.00548402 0.259878 0.965626 -0.17903 -0.00841347 0.0214268 0.0358 -0.0342 
4.38891 -0.999971 -0.00367864 0.0066691 0.00528534 -0.965635 0.25985 0.00548402 0.259878 0.965626 -0.17897 0.00304736 0.0214142 0.0474 -0.0224 
4.38876 -0.999971 -0.00367864 0.0066691 0.00528534 -0.965635 0.25985 0.00548402 0.259878 0.965626 -0.179091 -0.0198743 0.0214395 0.0244 -0.0454 
4.34835 0.00139073 0.262461 0.964942 -0.0213555 -0.964715 0.26243 0.999771 -0.0209718 0.00426334 5.46129e-05 -0.0274011 0.166045 0.0294 -0.0488 
4.34835 0.00139073 0.262461 0.964942 -0.0213555 -0.964715 0.26243 0.999771 -0.0209718 0.00426334 1.88225e-05 -0.017925 0.166247 0.0388 -0.0394 
4.34835 0.00139073 0.262461 0.964942 -0.0213555 -0.964715 0.26243 0.999771 -0.0209718 0.00426334 -1.69679e-05 -0.00844885 0.16645 0.0484 -0.0298 
4.34645 0.00138878 -0.262461 -0.964942 -0.0213431 0.964715 -0.26243 0.999771 0.0209593 -0.00426197 5.43012e-05 -0.0273991 0.166045 0.0484 -0.0298 
4.34645 0.00138878 -0.262461 -0.964942 -0.0213431 0.964715 -0.26243 0.999771 0.0209593 -0.00426197 -1.72796e-05 -0.00844686 0.16645 0.0294 -0.0488 
4.34645 0.00138878 -0.262461 -0.964942 -0.0213431 0.964715 -0.26243 0.999771 0.0209593 -0.00426197 1.85108e-05 -0.017923 0.166247 0.0388 -0.0394 
4.29009 -0.0279816 0.971966 -0.233453 -0.999602 -0.02639 0.00993936 0.00349991 0.233638 0.972317 -0.00453544 -0.194428 0.0211326 0.0254 -0.0248 
4.19767 -0.00549501 -0.964531 0.263914 -0.00107337 0.263924 0.964543 -0.999984 0.0050169 -0.00248556 2.45768e-05 -0.0209975 -0.139545 0.0258 -0.0248 
4.19196 0.0260685 0.972464 -0.231593 0.00277037 0.2316 0.972807 0.999656 -0.0260012 0.00334338 0.00383265 -0.0408792 0.177131 0.0248 -0.0252 
4.19043 0.00548974 0.253703 0.967267 0.00106815 -0.967282 0.253701 0.999984 -0.000359567 -0.00558112 -0.021018 0.00238807 0.18055 0.0472 -0.0224 
4.18978 0.00548974 0.253703 0.967267 0.00106815 -0.967282 0.253701 0.999984 -0.000359567 -0.00558112 -0.0211392 -0.0205336 0.180576 0.0242 -0.0454 
4.18902 0.00548974 0.253703 0.967267 0.00106815 -0.967282 0.253701 0.999984 -0.000359567 -0.00558112 -0.0210786 -0.00907276 0.180563 0.0358 -0.0338 
4.14818 -0.999992 0.00401328 0.000364424 -0.00381105 -0.971225 0.238133 0.00130963 0.23813 0.971232 -0.18018 -0.0244677 -0.00315894 0.0214 -0.0488 
4.14194 0.00549502 0.967267 -0.253703 0.00107527 0.253701 0.967282 0.999984 -0.00558804 0.000354017 0.00190414 0.00226792 0.180425 0.0234 -0.0262 
4.13695 0.0054879 -0.253703 -0.967267 0.00108056 0.967282 -0.253701 0.999984 0.000347094 0.00558249 -0.0211395 -0.0205316 0.180576 0.0448 -0.0248 
4.13679 0.0054879 -0.253703 -0.967267 0.00108056 0.967282 -0.253701 0.999984 0.000347094 0.00558249 -0.0210789 -0.00907077 0.180563 0.0334 -0.0362 
4.13675 0.0054879 -0.253703 -0.967267 0.00108056 0.967282 -0.253701 0.999984 0.000347094 0.00558249 -0.0210183 0.00239006 0.18055 0.0218 -0.0478 
4.13434 -0.00549501 -0.964531 0.263914 -0.00107337 0.263924 0.964543 -0.999984 0.0050169 -0.00248556 0.00020631 0.013385 -0.139583 0.0262 -0.0244 
4.12019 -0.999992 0.00401328 0.000364424 -0.00381105 -0.971225 0.238133 0.00130963 0.23813 0.971232 -0.170225 -0.00588214 0.0161852 0.0482 -0.0298 
4.12015 -0.999992 0.00401328 0.000364424 -0.00381105 -0.971225 0.238133 0.00130963 0.23813 0.971232 -0.170153 -0.0248344 0.0157804 0.0292 -0.0488 
4.12012 -0.999992 0.00401328 0.000364424 -0.00381105 -0.971225 0.238133 0.00130963 0.23813 0.971232 -0.170189 -0.0153583 0.0159828 0.0388 -0.0394 
4.11954 -0.999992 -0.00400081 -0.000365798 -0.0037986 0.971225 -0.238133 0.001308 -0.23813 -0.971232 -0.170153 -0.0248324 0.0157801 0.0484 -0.0298 
4.11953 -0.999992 -0.00400081 -0.000365798 -0.0037986 0.971225 -0.238133 0.001308 -0.23813 -0.971232 -0.170225 -0.00588014 0.0161849 0.0294 -0.0488 
4.11951 -0.999992 -0.00400081 -0.000365798 -0.0037986 0.971225 -0.238133 0.001308 -0.23813 -0.971232 -0.170189 -0.0153563 0.0159825 0.0388 -0.0394 
4.11767 0.00139073 0.262461 0.964942 -0.0213555 -0.964715 0.26243 0.999771 -0.0209718 0.00426334 -0.0189735 -0.00852097 0.166475 0.0482 -0.0298 
4.11766 0.00139073 0.262461 0.964942 -0.0213555 -0.964715 0.26243 0.999771 -0.0209718 0.00426334 -0.0189377 -0.0179971 0.166272 0.0388 -0.0394 
4.11764 0.00139073 0.262461 0.964942 -0.0213555 -0.964715 0.26243 0.999771 -0.0209718 0.00426334 -0.0189019 -0.0274732 0.16607 0.0294 -0.0488 
4.09008 0.00548261 -0.967267 0.253703 0.00107344 -0.253701 -0.967282 0.999984 0.00557557 -0.000352644 0.00190215 0.00226763 0.180425 0.0254 -0.0242 
4.07832 0.00139073 0.262461 0.964942 -0.0213555 -0.964715 0.26243 0.999771 -0.0209718 0.00426334 0.0189754 -0.0178528 0.166222 0.0308 -0.0394 
4.07826 0.00139073 0.262461 0.964942 -0.0213555 -0.964715 0.26243 0.999771 -0.0209718 0.00426334 0.0190112 -0.027329 0.16602 0.0214 -0.0488 
4.07823 0.00139073 0.262461 0.964942 -0.0213555 -0.964715 0.26243 0.999771 -0.0209718 0.00426334 0.0189396 -0.00837672 0.166425 0.0404 -0.0298 
4.07726 0.00138878 -0.262461 -0.964942 -0.0213431 0.964715 -0.26243 0.999771 0.0209593 -0.00426197 0.0190109 -0.027327 0.16602 0.0484 -0.0218 
4.0768 0.00138878 -0.262461 -0.964942 -0.0213431 0.964715 -0.26243 0.999771 0.0209593 -0.00426197 0.0189393 -0.00837474 0.166425 0.0294 -0.0408 
4.07639 0.00138878 -0.262461 -0.964942 -0.0213431 0.964715 -0.26243 0.999771 0.0209593 -0.00426197 0.0189751 -0.0178509 0.166223 0.0388 -0.0314 
4.01359 0.00139073 0.262461 0.964942 -0.0213555 -0.964715 0.26243 0.999771 -0.0209718 0.00426334 -0.00945946 -0.017961 0.16626 0.0388 -0.0394 
4.01357 0.00139073 0.262461 0.964942 -0.0213555 -0.964715 0.26243 0.999771 -0.0209718 0.00426334 -0.00942367 -0.0274372 0.166057 0.0294 -0.0488 
4.01356 0.00139073 0.262461 0.964942 -0.0213555 -0.964715 0.26243 0.999771 -0.0209718 0.00426334 -0.00949525 -0.00848491 0.166462 0.0484 -0.0298 
4.01205 0.00138878 -0.262461 -0.964942 -0.0213431 0.964715 -0.26243 0.999771 0.0209593 -0.00426197 -0.00945977 -0.0179591 0.16626 0.0392 -0.0392 
4.01203 0.00138878 -0.262461 -0.964942 -0.0213431 0.964715 -0.26243 0.999771 0.0209593 -0.00426197 -0.00942398 -0.0274352 0.166057 0.0484 -0.0298 
4.01202 0.00138878 -0.262461 -0.964942 -0.0213431 0.964715 -0.26243 0.999771 0.0209593 -0.00426197 -0.00949556 -0.00848293 0.166462 0.0294 -0.0488 
4.00799 -0.999992 0.00401328 0.000364424 -0.00381105 -0.971225 0.238133 0.00130963 0.23813 0.971232 -0.160238 -0.00564173 0.00669588 0.0482 -0.0298 
4.00766 -0.999992 -0.00400081 -0.000365798 -0.0037986 0.971225 -0.238133 0.001308 -0.23813 -0.971232 -0.160167 -0.024592 0.00629081 0.0484 -0.0298 
3.9846 -0.999992 -0.00400081 -0.000365798 -0.0037986 0.971225 -0.238133 0.001308 -0.23813 -0.971232 -0.150202 -0.0150778 0.00648013 0.0388 -0.0394 
3.9846 -0.999992 -0.00400081 -0.000365798 -0.0037986 0.971225 -0.238133 0.001308 -0.23813 -0.971232 -0.150238 -0.00560169 0.00668253 0.0294 -0.0488 
3.97218 0.00138878 -0.262461 -0.964942 -0.0213431 0.964715 -0.26243 0.999771 0.0209593 -0.00426197 -0.0189242 -0.0182086 0.17627 0.0388 -0.0308 
3.97215 0.00138878 -0.262461 -0.964942 -0.0213431 0.964715 -0.26243 0.999771 0.0209593 -0.00426197 -0.0189599 -0.00873248 0.176472 0.0294 -0.0404 
3.96975 0.00138878 -0.262461 -0.964942 -0.0213431 0.964715 -0.26243 0.999771 0.0209593 -0.00426197 -0.0188884 -0.0276847 0.176067 0.0484 -0.0214 
3.89917 0.00549502 0.967267 -0.253703 0.00107527 0.253701 0.967282 0.999984 -0.00558804 0.000354017 0.00196472 0.0137288 0.180412 0.0234 -0.0262 
3.87856 0.00548261 -0.967267 0.253703 0.00107344 -0.253701 -0.967282 0.999984 0.00557557 -0.000352644 0.00196273 0.0137285 0.180412 0.0254 -0.0242 
3.86102 0.026056 -0.972464 0.231593 0.00276882 -0.2316 -0.972807 0.999657 0.0259887 -0.003342 0.00383066 -0.0408794 0.177131 0.0244 -0.0254 
3.83319 -0.999992 0.00401328 0.000364424 -0.00381105 -0.971225 0.238133 0.00130963 0.23813 0.971232 -0.180166 -0.0246701 0.00631725 0.0214 -0.0488 
3.83313 -0.999992 0.00401328 0.000364424 -0.00381105 -0.971225 0.238133 0.00130963 0.23813 0.971232 -0.180202 -0.015194 0.00651966 0.0312 -0.0394 
3.7386 0.999992 -0.0032939 0.00232038 0.003811 0.960174 -0.279377 -0.00130773 0.279384 0.960179 0.169831 -0.0233364 0.00585921 0.0484 -0.0222 
3.7378 0.999992 -0.0032939 0.00232038 0.003811 0.960174 -0.279377 -0.00130773 0.279384 0.960179 0.169759 -0.00438415 0.00626402 0.0294 -0.0412 
3.73607 0.999992 -0.0032939 0.00232038 0.003811 0.960174 -0.279377 -0.00130773 0.279384 0.960179 0.169795 -0.0138603 0.00606161 0.0388 -0.0318 
3.72515 0.00548261 -0.967267 0.253703 0.00107344 -0.253701 -0.967282 0.999984 0.00557557 -0.000352644 0.001781 -0.020654 0.18045 0.0254 -0.0244 
3.69775 0.00549502 0.967267 -0.253703 0.00107527 0.253701 0.967282 0.999984 -0.00558804 0.000354017 0.00178298 -0.0206537 0.18045 0.0238 -0.0258 
3.68573 0.0054879 -0.253703 -0.967267 0.00108056 0.967282 -0.253701 0.999984 0.000347094 0.00558249 0.0247638 -0.00931336 0.180312 0.0334 -0.0362 
3.68428 0.0054879 -0.253703 -0.967267 0.00108056 0.967282 -0.253701 0.999984 0.000347094 0.00558249 0.0248243 0.00214747 0.180299 0.0222 -0.0474 
3.68285 0.0054879 -0.253703 -0.967267 0.00108056 0.967282 -0.253701 0.999984 0.000347094 0.00558249 0.0247032 -0.0207742 0.180324 0.0452 -0.0244 
3.64516 0.00548974 0.253703 0.967267 0.00106815 -0.967282 0.253701 0.999984 -0.000359567 -0.00558112 0.0247035 -0.0207762 0.180324 0.0238 -0.0454 
3.64304 0.00548974 0.253703 0.967267 0.00106815 -0.967282 0.253701 0.999984 -0.000359567 -0.00558112 0.024764 -0.00931535 0.180312 0.0354 -0.0342 
3.64259 0.00548974 0.253703 0.967267 0.00106815 -0.967282 0.253701 0.999984 -0.000359567 -0.00558112 0.0248246 0.00214549 0.180299 0.0468 -0.0228 
3.41487 0.00138356 -0.964942 0.262461 -0.0213503 -0.26243 -0.964715 0.999771 -0.00426889 -0.0209649 -0.000125487 0.0199804 0.167057 0.0244 -0.0254 
3.36082 0.00139596 0.964941 -0.262461 -0.0213484 0.262431 0.964715 0.999771 0.00425642 0.0209663 -0.000137401 0.0201942 0.157059 0.0254 -0.0252 
3.33558 0.0279817 -0.958475 0.283801 0.999602 0.0278236 -0.00458891 -0.00349801 0.283817 0.958872 0.00546853 0.175388 0.00643045 0.0258 -0.0248 
3.30838 -0.00139596 -0.966896 0.255167 0.0213503 0.25508 0.966684 -0.999771 0.00679733 0.0202874 -0.00057021 0.0268125 -0.15287 0.0248 -0.0258 
3.27607 0.027994 0.958474 -0.283801 0.999602 -0.0278361 0.00459028 -0.00350023 -0.283816 -0.958872 0.00519063 0.165392 0.00646508 0.0248 -0.0264 
3.24582 0.00548261 -0.967267 0.253703 0.00107344 -0.253701 -0.967282 0.999984 0.00557557 -0.000352644 0.00172042 -0.0321149 0.180463 0.0254 -0.0244 
3.23071 0.00549502 0.967267 -0.253703 0.00107527 0.253701 0.967282 0.999984 -0.00558804 0.000354017 0.00172241 -0.0321146 0.180462 0.0238 -0.0258 
3.177 0.0260685 0.972464 -0.231593 0.00277037 0.2316 0.972807 0.999656 -0.0260012 0.00334338 0.00420803 -0.0274724 0.177084 0.0248 -0.0254 
2.9442 0.026056 -0.972464 0.231593 0.00276882 -0.2316 -0.972807 0.999657 0.0259887 -0.003342 0.00420604 -0.0274726 0.177084 0.0248 -0.0254 
2.57523 -0.00378221 -0.965559 0.260156 0.999765 -0.00920697 -0.0196364 0.0213554 0.260021 0.965367 -0.000938837 0.183156 0.0199866 0.0244 -0.0254 
2.52933 -0.00378221 -0.965559 0.260156 0.999765 -0.00920697 -0.0196364 0.0213554 0.260021 0.965367 -0.00095201 0.183359 0.0105104 0.0244 -0.0258 
2.50617 -0.0260561 0.957976 -0.285661 -0.00277072 -0.285826 -0.958277 -0.999657 -0.0241775 0.0101018 -0.00338115 -0.00154531 -0.1429 0.0248 -0.0262 
2.50006 -0.00376981 0.965559 -0.260156 0.999765 0.0091945 0.0196378 0.0213535 -0.260021 -0.965367 -0.000936853 0.183156 0.0199863 0.0252 -0.0248 
2.22662 -0.0279941 -0.971965 0.233453 -0.999602 0.0264024 -0.00994073 0.00349833 -0.233638 -0.972317 -0.00488698 -0.194465 0.00772482 0.0244 -0.0264 
2.19356 -0.00376981 0.965559 -0.260156 0.999765 0.0091945 0.0196378 0.0213535 -0.260021 -0.965367 -0.000950026 0.183359 0.0105101 0.0254 -0.0252 
1.74825 -0.0279816 0.971966 -0.233453 -0.999602 -0.02639 0.00993936 0.00349991 0.233638 0.972317 -0.00488499 -0.194465 0.00772507 0.0258 -0.0248 
0.522704 -0.00138883 0.255167 0.966896 0.0213555 0.966684 -0.25508 -0.999771 0.0202943 -0.00679178 -0.0194183 -0.00168721 -0.153452 0.0488 -0.0488 
