9.65193 0.138557 -0.947005 0.2898 0.990352 0.133162 -0.038352 -0.00227092 0.292318 0.956319 0.0267955 0.141289 -0.0337092 0.0464 -0.0364 
9.63284 0.138569 0.947003 -0.2898 0.99035 -0.133175 0.0383533 -0.00227325 -0.292318 -0.956319 0.0267975 0.141289 -0.0337096 0.0358 -0.0468 
9.54349 -0.0348314 -0.920155 0.390002 0.0025815 0.390155 0.920746 -0.99939 0.0330777 -0.0112143 -0.000414862 -0.0141306 -0.18858 0.0464 -0.0364 
9.52569 -0.0348194 0.920155 -0.390002 0.0025779 -0.390155 -0.920746 -0.99939 -0.0330652 0.0112129 -0.00041294 -0.0141311 -0.188581 0.0362 -0.0468 
9.43868 -0.138557 0.965032 -0.222522 -0.990352 -0.134498 0.0333684 0.00227282 0.224999 0.974356 -0.012 -0.13601 -0.0330731 0.0364 -0.0468 
9.36375 -0.138569 -0.96503 0.222522 -0.99035 0.13451 -0.0333697 0.00227135 -0.224999 -0.974356 -0.012002 -0.13601 -0.0330733 0.0464 -0.0364 
9.36167 0.0348192 -0.99188 0.12232 -0.00257978 -0.122483 -0.992467 0.99939 0.0342413 -0.00682357 0.010381 -0.0149306 0.12123 0.0464 -0.0368 
9.3284 0.0348317 0.991879 -0.12232 -0.00257961 0.122483 0.992467 0.99939 -0.0342538 0.00682495 0.0100347 -0.0149047 0.111236 0.0362 -0.0468 
9.02944 0.138569 0.947003 -0.2898 0.99035 -0.133175 0.0383533 -0.00227325 -0.292318 -0.956319 0.0274013 0.141244 -0.0163818 0.0358 -0.0468 
8.97909 0.138557 -0.947005 0.2898 0.990352 0.133162 -0.038352 -0.00227092 0.292318 0.956319 0.0273994 0.141244 -0.0163815 0.0464 -0.0364 
8.84099 -0.0169286 0.543463 -0.839262 0.998658 0.050281 0.0124157 0.0489464 -0.837926 -0.543585 9.76444e-05 0.15197 -0.0193875 0.0374 -0.0308 
8.83725 -0.0169365 -0.543463 0.839262 0.998657 -0.0502935 -0.0124143 0.0489561 0.837925 0.543585 9.63754e-05 0.15197 -0.019386 0.0302 -0.0378 
8.67901 -0.138557 0.965032 -0.222522 -0.990352 -0.134498 0.0333684 0.00227282 0.224999 0.974356 -0.0127819 -0.145958 -0.0157226 0.0362 -0.0468 
8.67836 0.742164 0.651557 -0.157053 0.0453595 -0.282624 -0.958158 -0.668681 0.703987 -0.239308 0.113849 0.0155874 -0.126707 0.0368 -0.0322 
8.66858 0.742156 -0.651566 0.157054 0.0453617 0.282623 0.958158 -0.66869 -0.703978 0.239307 0.113848 0.0155877 -0.126709 0.0318 -0.0372 
8.6515 -0.138569 -0.96503 0.222522 -0.99035 0.13451 -0.0333697 0.00227135 -0.224999 -0.974356 -0.0141695 -0.155861 -0.0157001 0.0464 -0.0364 
8.57885 -0.0169374 -0.839262 -0.543463 0.998658 0.0124088 -0.0502866 0.0489473 -0.543586 0.837925 9.62322e-05 0.15197 -0.0193874 0.0324 -0.0374 
8.57428 -0.0169277 0.839262 0.543463 0.998658 -0.0124212 0.050288 0.0489553 0.543585 -0.837925 9.77876e-05 0.15197 -0.0193861 0.0368 -0.0328 
7.77724 0.742156 -0.651566 0.157054 0.0453617 0.282623 0.958158 -0.66869 -0.703978 0.239307 0.128973 -0.000103688 -0.140896 0.0342 -0.0354 
7.72621 0.016936 0.455096 -0.890281 -0.998658 -0.0358889 -0.0373435 -0.0489461 0.889719 0.453877 0.017682 -0.15686 -0.045675 0.0352 -0.0348 
7.62387 0.0169291 -0.455096 0.890281 -0.998657 0.0359013 0.0373421 -0.0489565 -0.889718 -0.453877 0.0176809 -0.15686 -0.0456767 0.0342 -0.0354 
6.0319 -0.0348194 0.920155 -0.390002 0.0025779 -0.390155 -0.920746 -0.99939 -0.0330652 0.0112129 0.00338252 0.00293671 -0.148644 0.0334 -0.0464 
5.37247 -0.0169374 -0.839262 -0.543463 0.998658 0.0124088 -0.0502866 0.0489473 -0.543586 0.837925 0.0122623 0.162711 -0.0300121 0.0314 -0.0342 
5.2206 -0.0169277 0.839262 0.543463 0.998658 -0.0124212 0.050288 0.0489553 0.543585 -0.837925 0.0122639 0.162711 -0.0300108 0.0334 -0.0318 
4.47308 0.0169291 -0.455096 0.890281 -0.998657 0.0359013 0.0373421 -0.0489565 -0.889718 -0.453877 0.00585353 -0.187574 -0.036031 0.0318 -0.0348 
3.29521 -0.0169365 -0.543463 0.839262 0.998657 -0.0502935 -0.0124143 0.0489561 0.837925 0.543585 -0.0112091 0.162372 -0.0312281 0.0282 -0.0368 
3.27419 -0.0169286 0.543463 -0.839262 0.998658 0.050281 0.0124157 0.0489464 -0.837926 -0.543585 -0.0112078 0.162372 -0.0312296 0.0362 -0.0284 
3.04286 -0.138569 -0.96503 0.222522 -0.99035 0.13451 -0.0333697 0.00227135 -0.224999 -0.974356 -0.0167627 -0.165675 -0.0503329 0.0454 -0.0338 
2.91187 -0.138557 0.965032 -0.222522 -0.990352 -0.134498 0.0333684 0.00227282 0.224999 0.974356 -0.0126039 -0.135965 -0.0504008 0.0338 -0.0458 
2.82081 0.138569 0.947003 -0.2898 0.99035 -0.133175 0.0383533 -0.00227325 -0.292318 -0.956319 0.0261937 0.141333 -0.0510373 0.0334 -0.0458 
2.80064 0.138557 -0.947005 0.2898 0.990352 0.133162 -0.038352 -0.00227092 0.292318 0.956319 0.0261917 0.141334 -0.051037 0.0454 -0.0338 
2.1909 0.742164 0.651557 -0.157053 0.0453595 -0.282624 -0.958158 -0.668681 0.703987 -0.239308 0.136396 0.000349564 -0.147582 0.0304 -0.0344 
2.14809 -0.670004 0.721259 -0.175728 0.0250065 -0.214654 -0.97637 -0.741936 -0.658566 0.125783 -0.0974129 -0.0206628 -0.139323 0.0374 -0.0368 
2.03331 -0.670013 -0.721251 0.175727 0.0250078 0.214653 0.97637 -0.741928 0.658575 -0.125784 -0.0974144 -0.0206626 -0.139322 0.0364 -0.0378 
1.69775 0.670013 0.712486 -0.208438 -0.0250059 0.302284 0.95289 0.741928 -0.633237 0.22035 0.0901895 -0.0276645 0.0684179 0.0374 -0.0368 
1.67087 0.670004 -0.712494 0.208439 -0.0250084 -0.302284 -0.95289 0.741936 0.633227 -0.220349 0.090188 -0.0276649 0.0684192 0.0364 -0.0378 
1.47973 0.138569 0.947003 -0.2898 0.99035 -0.133175 0.0383533 -0.00227325 -0.292318 -0.956319 0.0293908 0.151103 0.00092319 0.0282 -0.0294 
1.47832 0.138557 -0.947005 0.2898 0.990352 0.133162 -0.038352 -0.00227092 0.292318 0.956319 0.0293888 0.151103 0.000923564 0.0292 -0.0284 
1.47452 0.0348192 -0.99188 0.12232 -0.00257978 -0.122483 -0.992467 0.99939 0.0342413 -0.00682357 0.0138282 0.00216307 0.151173 0.0284 -0.0284 
1.44619 0.0348317 0.991879 -0.12232 -0.00257961 0.122483 0.992467 0.99939 -0.0342538 0.00682495 0.0138302 0.0021631 0.151173 0.0282 -0.0288 
1.33573 0.0169291 -0.455096 0.890281 -0.998657 0.0359013 0.0373421 -0.0489565 -0.889718 -0.453877 -0.0193252 -0.159122 -0.0123342 0.0372 -0.0264 
1.29244 0.016936 0.455096 -0.890281 -0.998658 -0.0358889 -0.0373435 -0.0489461 0.889719 0.453877 -0.0193241 -0.159122 -0.0123325 0.0258 -0.0374 
1.12856 -0.670004 0.721259 -0.175728 0.0250065 -0.214654 -0.97637 -0.741936 -0.658566 0.125783 -0.124495 -0.00306392 -0.168187 0.0232 -0.0332 
1.09812 -0.670013 -0.721251 0.175727 0.0250078 0.214653 0.97637 -0.741928 0.658575 -0.125784 -0.124496 -0.00306371 -0.168185 0.0328 -0.0234 
1.05561 0.742164 0.651557 -0.157053 0.0453595 -0.282624 -0.958158 -0.668681 0.703987 -0.239308 0.136677 -0.016249 -0.148395 0.0304 -0.0344 
1.02774 0.742156 -0.651566 0.157054 0.0453617 0.282623 0.958158 -0.66869 -0.703978 0.239307 0.136676 -0.0162487 -0.148397 0.0338 -0.0308 
1.01002 -0.0169277 0.839262 0.543463 0.998658 -0.0124212 0.050288 0.0489553 0.543585 -0.837925 0.0247686 0.153478 -0.0416145 0.0294 -0.0324 
0.704543 -0.742156 0.642801 -0.189765 -0.0453598 0.234314 0.971102 0.66869 0.729317 -0.14474 -0.130782 -0.01598 0.0931452 0.0282 -0.0374 
0.692713 -0.742164 -0.642792 0.189764 -0.0453614 -0.234313 -0.971102 0.668681 -0.729326 0.144741 -0.130783 -0.0159802 0.0931437 0.0372 -0.0284 
0.604202 -0.0169365 -0.543463 0.839262 0.998657 -0.0502935 -0.0124143 0.0489561 0.837925 0.543585 0.0227073 0.131166 0.00429819 0.0388 -0.0308 
0.604163 -0.0169365 -0.543463 0.839262 0.998657 -0.0502935 -0.0124143 0.0489561 0.837925 0.543585 0.010372 0.130412 0.0154124 0.0222 -0.0474 
0.527822 0.0169378 0.890281 0.455096 -0.998657 0.037349 -0.0358958 -0.0489547 -0.453877 0.889719 -0.00545056 -0.177171 -0.0478728 0.0372 -0.0344 
0.524025 0.0169273 -0.890281 -0.455096 -0.998658 -0.0373365 0.0358944 -0.0489479 0.453878 -0.889719 -0.00545224 -0.177171 -0.0478717 0.0342 -0.0378 
0.390272 -0.0169286 0.543463 -0.839262 0.998658 0.050281 0.0124157 0.0489464 -0.837926 -0.543585 0.0227086 0.131166 0.00429663 0.0304 -0.0388 
0.116075 0.670004 -0.712494 0.208439 -0.0250084 -0.302284 -0.95289 0.741936 0.633227 -0.220349 0.0966067 -0.0113164 0.0766522 0.0374 -0.0382 
