0.0789977 -0.0563572 0.33568 0.940289 -0.17917 -0.929897 0.321232 0.982203 -0.150368 0.11255 0.0657627 -0.0264653 0.15816 0.0294 -0.0254 
0.0789903 -0.0563601 -0.335679 -0.940289 -0.179158 0.929899 -0.321232 0.982205 0.150355 -0.112549 0.0657623 -0.0264634 0.158161 0.0254 -0.0294 
0.0704308 0.0563582 -0.179432 -0.982155 0.179158 -0.965934 0.186748 -0.982205 -0.186485 -0.0222918 0.0837972 0.0308671 -0.156145 0.0294 -0.0254 
0.070411 0.0563591 0.179431 0.982155 0.17917 0.965931 -0.186748 -0.982203 0.186498 0.0222904 0.0837973 0.0308691 -0.156145 0.0254 -0.0294 
