9.77431 -0.999988 0.00328243 0.00371358 -0.00209317 -0.958856 0.283886 0.00449262 0.283875 0.958851 -0.160023 -0.000532626 0.00138478 0.0458 -0.0464 
9.77429 -0.999988 0.00328243 0.00371358 -0.00209317 -0.958856 0.283886 0.00449262 0.283875 0.958851 -0.159971 -0.000227263 0.0131046 0.0458 -0.0462 
9.74647 0.999988 0.000973924 -0.00485405 0.00208077 -0.972338 0.233569 -0.0044923 -0.233576 -0.972328 0.159973 0.000135203 -5.28074e-05 0.0458 -0.0462 
9.74565 0.999988 0.000973924 -0.00485405 0.00208077 -0.972338 0.233569 -0.0044923 -0.233576 -0.972328 0.160025 0.000440566 0.011667 0.0458 -0.0464 
9.72929 0.00443661 0.260941 0.965345 0.0260399 -0.965057 0.260744 0.999651 0.0239806 -0.0110764 0.000640499 0.0037082 0.150614 0.0458 -0.0462 
9.72928 -0.0044347 0.256685 0.966485 -0.0260399 0.966137 -0.256712 -0.999651 -0.0263056 0.00239951 -0.000690198 -0.00410364 -0.149282 0.0458 -0.0464 
9.72754 -0.00443658 -0.256685 -0.966485 -0.0260523 -0.966137 0.256712 -0.999651 0.0263181 -0.00240088 -0.000690498 -0.00410562 -0.149282 0.0458 -0.0464 
9.72751 0.00443468 -0.260941 -0.965345 0.0260523 0.965057 -0.260744 0.999651 -0.0239931 0.0110778 0.000684547 0.00397064 0.16061 0.0458 -0.0462 
9.66607 -0.999988 -0.00326995 -0.00371495 -0.00208082 0.958856 -0.283886 0.0044904 -0.283875 -0.958851 -0.159971 -0.000225287 0.0131043 0.0458 -0.0464 
9.66592 -0.999988 -0.00326995 -0.00371495 -0.00208082 0.958856 -0.283886 0.0044904 -0.283875 -0.958851 -0.160023 -0.00053065 0.00138442 0.0458 -0.0462 
9.65609 0.999988 -0.000986397 0.00485543 0.00209321 0.972338 -0.233569 -0.00449072 0.233576 0.972328 0.159973 0.000137195 -5.2555e-05 0.0458 -0.0464 
9.65586 0.999988 -0.000986397 0.00485543 0.00209321 0.972338 -0.233569 -0.00449072 0.233576 0.972328 0.160025 0.000442557 0.0116673 0.0458 -0.0464 
9.5663 -0.0044347 0.256685 0.966485 -0.0260399 0.966137 -0.256712 -0.999651 -0.0263056 0.00239951 -0.000708724 -0.016084 -0.158973 0.0374 -0.0344 
9.56625 -0.0044347 0.256685 0.966485 -0.0260399 0.966137 -0.256712 -0.999651 -0.0263056 0.00239951 -0.000682893 -0.0278039 -0.158668 0.0492 -0.0224 
9.04866 0.999988 0.000973924 -0.00485405 0.00208077 -0.972338 0.233569 -0.0044923 -0.233576 -0.972328 0.159947 -0.0118901 -0.0114674 0.0338 -0.0378 
9.04806 0.999988 0.000973924 -0.00485405 0.00208077 -0.972338 0.233569 -0.0044923 -0.233576 -0.972328 0.159921 -0.000170159 -0.0117726 0.0454 -0.0262 
8.89659 0.999988 -0.000986397 0.00485543 0.00209321 0.972338 -0.233569 -0.00449072 0.233576 0.972328 0.159947 -0.0118881 -0.0114671 0.0374 -0.0344 
8.89424 0.999988 -0.000986397 0.00485543 0.00209321 0.972338 -0.233569 -0.00449072 0.233576 0.972328 0.159921 -0.000168167 -0.0117724 0.0254 -0.0462 
8.88619 0.999988 -0.000986397 0.00485543 0.00209321 0.972338 -0.233569 -0.00449072 0.233576 0.972328 0.159973 -0.023608 -0.0111619 0.0492 -0.0224 
5.63608 -0.999988 0.00328243 0.00371358 -0.00209317 -0.958856 0.283886 0.00449262 0.283875 0.958851 -0.160075 -0.000837988 -0.0103351 0.0454 -0.0262 
5.63468 -0.999988 0.00328243 0.00371358 -0.00209317 -0.958856 0.283886 0.00449262 0.283875 0.958851 -0.160049 -0.0125579 -0.0100298 0.0338 -0.0378 
