38.47 1 2.97107e-06 1.8319e-05 -1.69259e-05 -0.258806 0.965929 7.6109e-06 -0.965929 -0.258806 0.171999 -0.016493 0.00149946 8.8543e-316 
38.47 1 -1.16911e-05 -1.31926e-05 -9.71744e-06 0.258806 -0.965929 1.47071e-05 0.965929 0.258806 0.172 0.0164884 0.000946333 -2.37177e-45 
38.4699 0.707095 -0.183007 0.683027 -0.707119 -0.182994 0.683005 -5.07736e-06 -0.96593 -0.258802 0.109959 -0.133284 0.00149721 -2.37177e-45 
38.4699 0.7071 0.183001 -0.683023 -0.707114 0.183 -0.683009 2.01885e-06 0.96593 0.258802 0.133281 -0.109963 0.000944216 8.75297e-316 
38.4698 0.707119 0.183018 -0.682999 0.707095 -0.183005 0.683027 1.37624e-05 -0.965926 -0.258817 0.133284 0.10996 0.00150072 -2.37177e-45 
38.4698 0.707114 -0.183024 0.683003 0.7071 0.182999 -0.683024 2.08585e-05 0.965926 0.258817 0.109963 0.133282 0.000947196 8.75296e-316 
38.4695 -1.69258e-05 -0.258808 0.965929 -1 2.06755e-05 -1.19831e-05 -1.68698e-05 -0.965929 -0.258808 -0.0164935 -0.172 0.00149529 -2.37177e-45 
38.4695 -9.71729e-06 0.258808 -0.965929 -1 -1.19555e-05 6.85672e-06 -9.7736e-06 0.965929 0.258808 0.0164879 -0.172 0.000942086 8.40213e-316 
38.4694 9.71721e-06 -0.258829 0.965923 1 -1.37797e-05 -1.37524e-05 1.68697e-05 0.965923 0.258829 -0.0164889 0.172 0.000946301 8.20532e-316 
38.4694 1.69259e-05 0.258829 -0.965923 1 5.05971e-06 1.88788e-05 9.77368e-06 -0.965923 -0.258829 0.0164925 0.172 0.00150024 -2.37177e-45 
38.4691 -0.707114 0.183002 -0.683008 -0.7071 -0.183025 0.683017 -1.37624e-05 0.965926 0.25882 -0.109964 -0.133282 0.000941191 -2.37177e-45 
38.4691 -0.707119 -0.182996 0.683005 -0.707095 0.183031 -0.68302 -2.08585e-05 -0.965926 -0.25882 -0.133285 -0.10996 0.00149481 -2.37177e-45 
38.4691 -0.7071 -0.183023 0.683017 0.707114 -0.183026 0.683002 5.07723e-06 0.965921 0.258835 -0.133282 0.109963 0.000944171 -2.37177e-45 
38.4691 -0.707095 0.183029 -0.683021 0.707119 0.18302 -0.682998 -2.01873e-06 -0.965921 -0.258835 -0.10996 0.133284 0.00149831 -2.37177e-45 
38.469 -1 -9.86679e-06 7.41624e-06 9.71735e-06 -0.258832 0.965922 -7.611e-06 0.965922 0.258832 -0.172001 -0.0164884 0.000942055 8.15496e-316 
38.469 -1 1.85868e-05 -1.25426e-05 1.6926e-05 0.258832 -0.965922 -1.4707e-05 -0.965922 -0.258832 -0.172 0.016493 0.00149606 -2.37177e-45 
