Prehension:
-
  name: prehension_dualarm_left
  FingerSetting:
    -
      Contact:  [0, 1]
      Comp:     [0, 0]
      Close:    [-0.001, -0.001]
    -
      Contact:  [0, 1]
      Comp:     [0, 0]
      Close:    [0.001, 0.001]
  GRCDES:
    Position:   [-0.090000, 0.0022412, -0.0087391]
    Rpy:        [-3.14, 1.3, -1.57]
    Edges:      [0.05, 0.05, 0.05]
  GRCMAX:
    Position:   [-0.090000, 0.0022412, -0.0087391]
    Rpy:        [-3.14, 1.3, -1.57]
    Edges:      [0.30, 0.15, 0.10]
  GRCMIN:
    Position:   [-0.090000, 0.0022412, -0.0087391]
    Rpy:        [-3.14, 1.3, -1.57]
    Edges:      [0.05, 0.01, 0.01]
  Load:         [0, 1.0]
  Reference_Motion: [prehension]

