9.4894 -0.429483 -0.236734 -0.871494 0.508328 -0.861003 -0.0166262 -0.746423 -0.450146 0.490125 0.389861 0.0966295 0.103952 0 0.708 -1.25 -0.32 0 0 0 0 0.79189 -1.5 -0.07 0 0 0 
9.4866 0.49031 -0.00972375 -0.871494 -0.00972375 0.999814 -0.0166262 0.871494 0.0166262 0.490125 0.118304 0.0410621 -0.38079 0 0.078 -1.25 -0.32 0 0 0 0 -0.078 -1.5 -0.07 0 0 0 
9.4088 -0.500861 -0.023948 -0.865197 -0.865527 0.0149745 0.500638 0.000966643 0.999601 -0.0282278 0.257444 0.205559 -0.00262263 0 0.024 -0.5 -1.07 0 0 0 0 0.0418897 -0.75 -0.82 0 0 0 
9.35521 -0.475605 0.79535 0.375791 0.83437 0.54319 -0.0936569 -0.278616 0.269005 -0.92196 -0.0157629 -0.163671 0.392904 0 0.273 -0.75 -0.82 0 0 0 0 0.0568897 -1.25 -0.32 0 0 0 
8.75925 -0.356598 0.30896 0.881692 -0.43026 0.783388 -0.448531 -0.829285 -0.539303 -0.146421 -0.172086 0.298115 0.287939 0 -0.18289 -1.25 -0.32 0 0 0 0 0.0238897 -1.5 -0.07 0 0 0 
8.68357 0.970775 0.0207622 -0.239091 0.0207622 0.98525 0.169857 0.239091 -0.169857 0.956025 -0.221847 -0.0233683 -0.361916 0 0.273 -0.5 -1.07 0 0 0 0 0.0268897 -1 -0.57 0 0 0 
8.63733 -0.253576 -0.419759 -0.871494 0.870727 -0.491486 -0.0166262 -0.421348 -0.763049 0.490125 0.153293 -0.330235 -0.127141 0 -0.50389 -1.5 -0.07 0 0 0 0 -0.483 -1 -0.57 0 0 0 
8.6083 -0.154343 0.445867 0.881692 0.0190774 0.893564 -0.448531 -0.987833 -0.0524072 -0.146421 -0.115588 0.0968637 0.220196 0 -0.59689 -0.5 -1.07 0 0 0 0 0.19789 -0.25 -1.32 0 0 0 
8.55317 -0.165011 0.445301 0.880045 0.0245043 0.893852 -0.447692 -0.985987 -0.0523093 -0.158407 -0.113291 0.095637 0.22064 0 -0.59689 -0.5 -1.07 0 0 0 0 0.20689 -0.25 -1.32 0 0 0 
8.4275 0.809561 -0.45099 0.375791 -0.45099 -0.887601 -0.0936569 0.375791 -0.0936569 -0.92196 -0.18104 0.324696 0.167462 0 0.393 -1 -0.57 0 0 0 0 0.97789 -1.25 -0.32 0 0 0 
8.15052 -0.154343 0.445867 0.881692 0.0190774 0.893564 -0.448531 -0.987833 -0.0524072 -0.146421 -0.159673 0.11929 0.227517 0 -0.58789 -0.75 -0.82 0 0 0 0 0.14689 -0.5 -1.07 0 0 0 
8.04913 -0.165011 0.445301 0.880045 0.0245043 0.893852 -0.447692 -0.985987 -0.0523093 -0.158407 -0.157294 0.118022 0.22856 0 -0.58789 -0.75 -0.82 0 0 0 0 0.15289 -0.5 -1.07 0 0 0 
7.88558 -0.809561 0.45099 0.375791 0.45099 0.887601 -0.0936569 -0.375791 0.0936569 -0.92196 -0.0563145 -0.206106 0.326454 0 0.687 -0.5 -1.07 0 0 0 0 1.01689 -1.25 -0.32 0 0 0 
7.62467 0.154343 -0.445867 0.881692 -0.0190774 -0.893564 -0.448531 0.987833 0.0524072 -0.146421 -0.223674 0.127201 -0.18211 0 -0.18289 -1 -0.57 0 0 0 0 0.90889 -1 -0.57 0 0 0 
7.58377 0.953623 -0.27351 -0.125682 -0.225732 -0.926039 0.302485 -0.199119 -0.260086 -0.944832 -0.155669 -0.0150624 0.314044 0 -0.10789 -1.5 -0.07 0 0 0 0 0.42889 -1.5 -0.07 0 0 0 
7.28096 -0.856217 0.282075 -0.432812 0.145037 0.935336 0.322662 0.495839 0.213495 -0.841762 0.265749 -0.0639433 0.0491233 0 -0.42289 -1.25 -0.32 0 0 0 0 0.28189 -1 -0.57 0 0 0 
7.00993 0.830335 0.503368 -0.239091 -0.474644 0.863633 0.169857 0.291987 -0.0275552 0.956025 -0.148089 0.106107 -0.157274 0 -0.52789 -0.5 -1.07 0 0 0 0 0.32689 -0.5 -1.07 0 0 0 
6.83273 0.154343 -0.445867 0.881692 -0.0190774 -0.893564 -0.448531 0.987833 0.0524072 -0.146421 -0.400013 0.216907 -0.152826 0 0.198 -1.25 -0.32 0 0 0 0 -0.093 -1.25 -0.32 0 0 0 
6.82926 0.165011 -0.445301 0.880045 -0.0245043 -0.893852 -0.447692 0.985987 0.0523093 -0.158407 -0.401403 0.217673 -0.146678 0 0.198 -1.25 -0.32 0 0 0 0 -0.093 -1.25 -0.32 0 0 0 
6.77617 0.809561 -0.45099 0.375791 -0.45099 -0.887601 -0.0936569 0.375791 -0.0936569 -0.92196 -0.162251 0.320014 0.121364 0 0.528 -1 -0.57 0 0 0 0 0.94789 -1 -0.57 0 0 0 
6.69092 -0.830335 -0.503368 -0.239091 0.474644 -0.863633 0.169857 -0.291987 0.0275552 0.956025 0.265911 0.0997268 -0.0526036 0 0.708 -0.5 -1.07 0 0 0 0 1.00789 -0.75 -0.82 0 0 0 
6.26041 0.27117 -0.421784 -0.865197 0.419795 -0.757056 0.500638 -0.866163 -0.498963 -0.0282278 0.0834357 -0.181562 0.236292 0 -0.25789 -1 -0.57 0 0 0 0 0.29689 -0.75 -0.82 0 0 0 
6.14688 -0.229691 -0.445732 -0.865197 -0.445732 -0.742081 0.500638 -0.865197 0.500638 -0.0282278 0.270884 0.0440644 0.263849 0 0.012 -1.5 -0.07 0 0 0 0 0.12289 -1 -0.57 0 0 0 
6.14513 0.154343 -0.445867 0.881692 -0.0190774 -0.893564 -0.448531 0.987833 0.0524072 -0.146421 -0.267759 0.149628 -0.174789 0 0.138 -0.5 -1.07 0 0 0 0 0.18289 -0.5 -1.07 0 0 0 
6.07398 0.165011 -0.445301 0.880045 -0.0245043 -0.893852 -0.447692 0.985987 0.0523093 -0.158407 -0.269396 0.150519 -0.170439 0 0.138 -0.5 -1.07 0 0 0 0 0.16789 -0.5 -1.07 0 0 0 
5.58178 -0.856217 0.282075 -0.432812 0.145037 0.935336 0.322662 0.495839 0.213495 -0.841762 0.222468 -0.0316771 -0.0350529 0 -0.46789 -0.75 -0.82 0 0 0 0 0.35689 -0.5 -1.07 0 0 0 
5.43121 -0.023948 0.500861 -0.865197 0.0149745 0.865527 0.500638 0.999601 -0.000966643 -0.0282278 0.306062 0.0784057 -0.205314 0 -0.91789 -1 -0.57 0 0 0 0 -0.699 -1.25 -0.32 0 0 0 
5.38624 0.933831 -0.357209 -0.0190218 -0.342935 -0.909107 0.236473 -0.101763 -0.214302 -0.971452 -0.243017 -0.136802 0.16229 0 -0.93289 -1 -0.57 0 0 0 0 -0.474 -0.75 -0.82 0 0 0 
5.35337 0.467407 0.851097 -0.239091 -0.84287 0.510606 0.169857 0.266646 0.12213 0.956025 -0.0732138 0.2163 -0.367326 0 0.099 -0.75 -0.82 0 0 0 0 -0.258 -0.5 -1.07 0 0 0 
5.18501 -0.467407 -0.851097 -0.239091 0.84287 -0.510606 0.169857 -0.266646 -0.12213 0.956025 0.015779 -0.353256 -0.243877 0 -0.50689 -1.5 -0.07 0 0 0 0 -0.603 -1.25 -0.32 0 0 0 
5.10096 0.830335 0.503368 -0.239091 -0.474644 0.863633 0.169857 0.291987 -0.0275552 0.956025 -0.200945 -0.10059 -0.342968 0 0.462 -0.5 -1.07 0 0 0 0 1.04689 -1 -0.57 0 0 0 
5.09316 -0.830335 -0.503368 -0.239091 0.474644 -0.863633 0.169857 -0.291987 0.0275552 0.956025 0.100428 -0.271205 -0.184985 0 -0.82189 -1 -0.57 0 0 0 0 -0.612 -1.25 -0.32 0 0 0 
5.053 0.830335 0.503368 -0.239091 -0.474644 0.863633 0.169857 0.291987 -0.0275552 0.956025 -0.100271 0.072136 -0.348479 0 -0.65689 -1 -0.57 0 0 0 0 0.0478897 -0.75 -0.82 0 0 0 
5.00789 0.830335 0.503368 -0.239091 -0.474644 0.863633 0.169857 0.291987 -0.0275552 0.956025 -0.212899 -0.0920976 -0.295167 0 0.468 -0.25 -1.32 0 0 0 0 1.07389 -1 -0.57 0 0 0 
4.97276 0.970775 0.0207622 -0.239091 0.0207622 0.98525 0.169857 0.239091 -0.169857 0.956025 -0.233801 -0.0148755 -0.314114 0 -0.58189 -0.5 -1.07 0 0 0 0 0.0778897 -0.75 -0.82 0 0 0 
4.93685 -0.27117 0.421784 -0.865197 -0.419795 0.757056 0.500638 0.866163 0.498963 -0.0282278 0.402849 0.149734 -0.135547 0 -0.50689 -1.25 -0.32 0 0 0 0 -0.444 -0.75 -0.82 0 0 0 
4.86689 -0.0892683 -0.463303 0.881692 -0.463303 -0.76431 -0.448531 0.881692 -0.448531 -0.146421 -0.253353 0.479985 -0.075581 0 0.768 -1.25 -0.32 0 0 0 0 0.57289 -1.5 -0.07 0 0 0 
4.86136 -0.0797467 -0.468147 0.880045 -0.468147 -0.761846 -0.447692 0.880045 -0.447692 -0.158407 -0.254174 0.47975 -0.069418 0 0.768 -1.25 -0.32 0 0 0 0 0.58189 -1.5 -0.07 0 0 0 
4.84591 0.0892683 0.463303 0.881692 0.463303 0.76431 -0.448531 -0.881692 0.448531 -0.146421 -0.301841 0.0539272 0.25462 0 -0.18289 -1 -0.57 0 0 0 0 0.0118897 -1 -0.57 0 0 0 
4.81091 0.0797467 0.468147 0.880045 0.468147 0.761846 -0.447692 -0.880045 0.447692 -0.158407 -0.298898 0.0530834 0.25668 0 -0.18289 -1 -0.57 0 0 0 0 0.0178897 -1 -0.57 0 0 0 
4.75305 0.830335 0.503368 -0.239091 -0.474644 0.863633 0.169857 0.291987 -0.0275552 0.956025 -0.112226 0.0806289 -0.300678 0 -0.26689 -0.5 -1.07 0 0 0 0 -0.303 0 -1.57 0 0 0 
4.70471 -0.933831 0.357209 -0.0190218 0.342935 0.909107 0.236473 0.101763 0.214302 -0.971452 0.0780235 -0.266174 0.175981 0 0.384 -1.25 -0.32 0 0 0 0 1.11289 -1 -0.57 0 0 0 
4.63341 -0.165011 0.445301 0.880045 0.0245043 0.893852 -0.447692 -0.985987 -0.0523093 -0.158407 -0.290356 -0.0383641 0.246943 0 0.339 -1 -0.57 0 0 0 0 0.97789 -1 -0.57 0 0 0 
4.6122 0.600469 -0.672393 -0.432812 -0.593274 -0.737507 0.322662 -0.536157 0.0630275 -0.841762 -0.106237 -0.115031 0.458402 0 -0.91189 -1.5 -0.07 0 0 0 0 -0.732 -1 -0.57 0 0 0 
4.42425 0.689107 -0.713678 -0.125682 -0.658509 -0.689107 0.302485 -0.302485 -0.125682 -0.944832 -0.249492 -0.0625155 0.258412 0 -1.02289 -1 -0.57 0 0 0 0 -0.342 -1.25 -0.32 0 0 0 
4.39341 0.429483 0.236734 -0.871494 -0.508328 0.861003 -0.0166262 0.746423 0.450146 0.490125 -0.0719335 -0.0228998 -0.313163 0 0.309 -0.5 -1.07 0 0 0 0 1.01689 -0.5 -1.07 0 0 0 
4.36798 0.49031 -0.00972375 -0.871494 -0.00972375 0.999814 -0.0166262 0.871494 0.0166262 0.490125 0.120249 -0.158901 -0.384115 0 0.597 -1.5 -0.07 0 0 0 0 0.80389 -1.5 -0.07 0 0 0 
4.13208 0.0892683 0.463303 0.881692 0.463303 0.76431 -0.448531 -0.881692 0.448531 -0.146421 -0.253265 0.229216 0.351648 0 -1.10689 -1.5 -0.07 0 0 0 0 -0.573 -1.5 -0.07 0 0 0 
3.96759 -0.953623 0.27351 -0.125682 0.225732 0.926039 0.302485 0.199119 0.260086 -0.944832 0.181556 -0.0539768 0.0979689 0 -0.52789 -1 -0.57 0 0 0 0 0.55789 -0.75 -0.82 0 0 0 
3.96615 0.429483 0.236734 -0.871494 -0.508328 0.861003 -0.0166262 0.746423 0.450146 0.490125 0.14594 -0.0187433 -0.435694 0 0.507 -1.5 -0.07 0 0 0 0 0.81889 -1.5 -0.07 0 0 0 
3.91738 -0.023948 0.500861 -0.865197 0.0149745 0.865527 0.500638 0.999601 -0.000966643 -0.0282278 0.349322 0.0533738 -0.203903 0 -0.88189 -1.25 -0.32 0 0 0 0 -0.783 -1.5 -0.07 0 0 0 
3.8765 -0.467407 -0.851097 -0.239091 0.84287 -0.510606 0.169857 -0.266646 -0.12213 0.956025 0.185998 -0.251135 -0.219451 0 0.093 -1.25 -0.32 0 0 0 0 0.13189 -1.5 -0.07 0 0 0 
3.80327 0.0892683 0.463303 0.881692 0.463303 0.76431 -0.448531 -0.881692 0.448531 -0.146421 -0.257756 0.0315007 0.247299 0 -0.51889 -1.25 -0.32 0 0 0 0 0.003 -0.75 -0.82 0 0 0 
3.68622 0.953623 -0.27351 -0.125682 -0.225732 -0.926039 0.302485 -0.199119 -0.260086 -0.944832 -0.180806 0.0454347 0.125077 0 -0.21289 -0.75 -0.82 0 0 0 0 0.55189 0 -1.57 0 0 0 
3.67229 0.0797467 0.468147 0.880045 0.468147 0.761846 -0.447692 -0.880045 0.447692 -0.158407 -0.254896 0.0306988 0.24876 0 -0.52189 -1.25 -0.32 0 0 0 0 0.00888974 -0.75 -0.82 0 0 0 
3.64446 0.229691 0.445732 -0.865197 0.445732 0.742081 0.500638 0.865197 -0.500638 -0.0282278 0.174304 -0.252336 -0.261485 0 -0.16189 -1.25 -0.32 0 0 0 0 0.0178897 -1.25 -0.32 0 0 0 
3.5923 0.689107 -0.713678 -0.125682 -0.658509 -0.689107 0.302485 -0.302485 -0.125682 -0.944832 -0.236924 -0.092764 0.352896 0 -0.95689 -1.25 -0.32 0 0 0 0 -0.642 -1.25 -0.32 0 0 0 
3.58007 0.630117 -0.776267 -0.0190218 -0.751544 -0.615843 0.236473 -0.19528 -0.13471 -0.971452 -0.288848 -0.00202627 0.247464 0 -0.85189 -0.75 -0.82 0 0 0 0 -0.348 -1.25 -0.32 0 0 0 
3.572 0.023948 -0.500861 -0.865197 -0.0149745 -0.865527 0.500638 -0.999601 0.000966643 -0.0282278 0.152779 -0.063508 0.204662 0 -0.72289 -0.5 -1.07 0 0 0 0 0.37189 -0.5 -1.07 0 0 0 
3.56643 0.830335 0.503368 -0.239091 -0.474644 0.863633 0.169857 0.291987 -0.0275552 0.956025 -0.0883167 0.0636432 -0.39628 0 -0.61189 -1 -0.57 0 0 0 0 0.0178897 -1.5 -0.07 0 0 0 
3.53961 0.0797467 0.468147 0.880045 0.468147 0.761846 -0.447692 -0.880045 0.447692 -0.158407 -0.386902 0.0978526 0.272521 0 0.084 -1.25 -0.32 0 0 0 0 -0.189 -1.25 -0.32 0 0 0 
3.49569 0.0892683 0.463303 0.881692 0.463303 0.76431 -0.448531 -0.881692 0.448531 -0.146421 -0.39001 0.0987803 0.269263 0 0.072 -1.25 -0.32 0 0 0 0 -0.192 -1.25 -0.32 0 0 0 
3.39068 0.809561 -0.45099 0.375791 -0.45099 -0.887601 -0.0936569 0.375791 -0.0936569 -0.92196 -0.271238 0.147176 0.148731 0 0.084 -0.5 -1.07 0 0 0 0 -0.048 -0.25 -1.32 0 0 0 
3.32055 0.830335 0.503368 -0.239091 -0.474644 0.863633 0.169857 0.291987 -0.0275552 0.956025 -0.242429 0.150079 -0.502479 0 0.129 -1.25 -0.32 0 0 0 0 -0.099 -1.25 -0.32 0 0 0 
3.28087 0.933831 -0.357209 -0.0190218 -0.342935 -0.909107 0.236473 -0.101763 -0.214302 -0.971452 -0.173478 0.0686663 0.108005 0 -0.28789 -0.75 -0.82 0 0 0 0 0.58789 -0.25 -1.32 0 0 0 
3.27877 0.49031 -0.00972375 -0.871494 -0.00972375 0.999814 -0.0166262 0.871494 0.0166262 0.490125 -0.0124198 0.0385682 -0.307271 0 0.009 -0.5 -1.07 0 0 0 0 0.0778897 -0.75 -0.82 0 0 0 
3.21203 0.830335 0.503368 -0.239091 -0.474644 0.863633 0.169857 0.291987 -0.0275552 0.956025 -0.0115522 0.253355 -0.306189 0 -1.09789 -1.25 -0.32 0 0 0 0 -0.633 -1 -0.57 0 0 0 
3.18338 -0.023948 0.500861 -0.865197 0.0149745 0.865527 0.500638 0.999601 -0.000966643 -0.0282278 0.0624578 -0.242773 -0.206339 0 0.414 -1 -0.57 0 0 0 0 0.82789 -0.75 -0.82 0 0 0 
3.16001 0.303136 0.365554 0.880045 0.786351 0.425705 -0.447692 -0.538295 0.827735 -0.158407 -0.417751 -0.0546486 0.216494 0 0.162 -1 -0.57 0 0 0 0 -0.048 -1.5 -0.07 0 0 0 
3.13274 -0.27117 0.421784 -0.865197 -0.419795 0.757056 0.500638 0.866163 0.498963 -0.0282278 0.318493 -0.00167714 -0.235339 0 0.057 -1 -0.57 0 0 0 0 -0.348 -0.75 -0.82 0 0 0 
3.0736 0.30896 0.356598 0.881692 0.783388 0.43026 -0.448531 -0.539303 0.829285 -0.146421 -0.419943 -0.052928 0.212266 0 0.153 -1 -0.57 0 0 0 0 -0.054 -1.5 -0.07 0 0 0 
3.02104 0.933831 -0.357209 -0.0190218 -0.342935 -0.909107 0.236473 -0.101763 -0.214302 -0.971452 -0.169673 0.0213718 0.302295 0 -0.23689 -1 -0.57 0 0 0 0 0.46189 -0.5 -1.07 0 0 0 
3.0065 -0.856217 0.282075 -0.432812 0.145037 0.935336 0.322662 0.495839 0.213495 -0.841762 0.244108 -0.0478102 0.00703519 0 -0.42289 -1 -0.57 0 0 0 0 0.39289 -0.75 -0.82 0 0 0 
2.96102 -0.023948 0.500861 -0.865197 0.0149745 0.865527 0.500638 0.999601 -0.000966643 -0.0282278 0.019198 -0.217741 -0.207751 0 0.378 -0.75 -0.82 0 0 0 0 0.89689 -0.75 -0.82 0 0 0 
2.93582 -0.630117 0.776267 -0.0190218 0.751544 0.615843 0.236473 0.19528 0.13471 -0.971452 0.267689 -0.0491309 0.2251 0 -1.23289 -1.5 -0.07 0 0 0 0 -0.513 -0.5 -1.07 0 0 0 
2.93481 0.165011 -0.445301 0.880045 -0.0245043 -0.893852 -0.447692 0.985987 0.0523093 -0.158407 -0.268341 0.374059 -0.16506 0 0.672 -1.25 -0.32 0 0 0 0 1.01389 -1.5 -0.07 0 0 0 
2.90304 0.49031 -0.00972375 -0.871494 -0.00972375 0.999814 -0.0166262 0.871494 0.0166262 0.490125 0.0311548 0.0393995 -0.331778 0 0.084 -0.5 -1.07 0 0 0 0 0.10789 -0.75 -0.82 0 0 0 
2.8907 0.229691 0.445732 -0.865197 0.445732 0.742081 0.500638 0.865197 -0.500638 -0.0282278 0.217564 -0.277368 -0.260074 0 -0.0568897 -1.25 -0.32 0 0 0 0 0.00288974 -1.5 -0.07 0 0 0 
2.89032 -0.49031 0.00972375 -0.871494 0.00972375 -0.999814 -0.0166262 -0.871494 -0.0166262 0.490125 0.286773 0.0343301 0.122566 0 -0.19789 -0.75 -0.82 0 0 0 0 0.0868897 -1 -0.57 0 0 0 
2.84384 -0.0797467 -0.468147 0.880045 -0.468147 -0.761846 -0.447692 0.880045 -0.447692 -0.158407 -0.171794 0.237842 -0.190638 0 -0.0268897 -0.5 -1.07 0 0 0 0 0.40189 -1 -0.57 0 0 0 
2.83619 0.953623 -0.27351 -0.125682 -0.225732 -0.926039 0.302485 -0.199119 -0.260086 -0.944832 -0.113535 0.200394 0.271578 0 0.612 -1 -0.57 0 0 0 0 1.13689 -1.25 -0.32 0 0 0 
2.83114 0.467407 0.851097 -0.239091 -0.84287 0.510606 0.169857 0.266646 0.12213 0.956025 -0.0612593 0.207807 -0.415127 0 0.144 -1 -0.57 0 0 0 0 -0.234 -1 -0.57 0 0 0 
2.81658 0.689107 -0.713678 -0.125682 -0.658509 -0.689107 0.302485 -0.302485 -0.125682 -0.944832 -0.255776 -0.0473912 0.211171 0 -1.02889 -0.75 -0.82 0 0 0 0 -0.294 -1 -0.57 0 0 0 
2.76983 0.429483 0.236734 -0.871494 -0.508328 0.861003 -0.0166262 0.746423 0.450146 0.490125 -0.0283588 -0.0220685 -0.337669 0 0.309 -1 -0.57 0 0 0 0 1.00789 -0.75 -0.82 0 0 0 
2.71347 0.356598 -0.30896 0.881692 0.43026 -0.783388 -0.448531 0.829285 0.539303 -0.146421 -0.343515 0.0156563 -0.220569 0 -0.10189 -1 -0.57 0 0 0 0 0.15289 -0.75 -0.82 0 0 0 
2.71301 -0.809561 0.45099 0.375791 0.45099 0.887601 -0.0936569 -0.375791 0.0936569 -0.92196 0.109042 -0.047317 0.160793 0 -0.28789 -0.5 -1.07 0 0 0 0 0.46789 -0.75 -0.82 0 0 0 
2.69156 0.27117 -0.421784 -0.865197 0.419795 -0.757056 0.500638 -0.866163 -0.498963 -0.0282278 0.213215 -0.256658 0.240526 0 -0.22789 -1.25 -0.32 0 0 0 0 0.37189 -1.5 -0.07 0 0 0 
2.685 -0.49031 0.00972375 -0.871494 0.00972375 -0.999814 -0.0166262 -0.871494 -0.0166262 0.490125 0.243198 0.0334988 0.147072 0 -0.25189 -0.5 -1.07 0 0 0 0 0.16189 -0.75 -0.82 0 0 0 
2.64407 -0.0892683 -0.463303 0.881692 -0.463303 -0.76431 -0.448531 0.881692 -0.448531 -0.146421 -0.169675 0.237417 -0.194571 0 -0.0268897 -0.5 -1.07 0 0 0 0 0.40789 -1 -0.57 0 0 0 
2.63179 -0.467407 -0.851097 -0.239091 0.84287 -0.510606 0.169857 -0.266646 -0.12213 0.956025 0.00382449 -0.344763 -0.196076 0 -0.50689 -1.25 -0.32 0 0 0 0 -0.498 -0.75 -0.82 0 0 0 
2.61707 0.154343 -0.445867 0.881692 -0.0190774 -0.893564 -0.448531 0.987833 0.0524072 -0.146421 -0.445101 0.015768 -0.149665 0 -0.72889 -1.25 -0.32 0 0 0 0 -0.624 -1 -0.57 0 0 0 
2.6153 0.933831 -0.357209 -0.0190218 -0.342935 -0.909107 0.236473 -0.101763 -0.214302 -0.971452 -0.100134 0.226841 0.248011 0 0.609 -1 -0.57 0 0 0 0 1.14289 -1.25 -0.32 0 0 0 
2.57579 -0.429483 -0.236734 -0.871494 0.508328 -0.861003 -0.0166262 -0.746423 -0.450146 0.490125 0.255365 -0.0772337 0.062935 0 -0.24289 -1 -0.57 0 0 0 0 0.44689 -1.25 -0.32 0 0 0 
2.55973 -0.467407 -0.851097 -0.239091 0.84287 -0.510606 0.169857 -0.266646 -0.12213 0.956025 0.0277336 -0.361749 -0.291678 0 -0.44389 -1.5 -0.07 0 0 0 0 -0.672 -1.5 -0.07 0 0 0 
2.55175 0.689107 -0.713678 -0.125682 -0.658509 -0.689107 0.302485 -0.302485 -0.125682 -0.944832 -0.125609 0.120679 0.141824 0 -0.52189 -0.5 -1.07 0 0 0 0 0.41689 -1 -0.57 0 0 0 
2.54688 -0.856217 0.282075 -0.432812 0.145037 0.935336 0.322662 0.495839 0.213495 -0.841762 0.365445 0.0908578 0.175999 0 -0.66889 -1.5 -0.07 0 0 0 0 -0.699 -0.5 -1.07 0 0 0 
2.53309 0.856217 -0.282075 -0.432812 -0.145037 -0.935336 0.322662 -0.495839 -0.213495 -0.841762 -0.136428 -0.217376 0.315897 0 -0.73189 -1.5 -0.07 0 0 0 0 -0.483 -1.25 -0.32 0 0 0 
2.48822 0.165011 -0.445301 0.880045 -0.0245043 -0.893852 -0.447692 0.985987 0.0523093 -0.158407 -0.446461 0.0165181 -0.144136 0 -0.72289 -1.25 -0.32 0 0 0 0 -0.624 -1 -0.57 0 0 0 
2.31466 0.365554 -0.303136 0.880045 0.425705 -0.786351 -0.447692 0.827735 0.538295 -0.158407 -0.389509 0.03956 -0.208499 0 -0.0568897 -1.25 -0.32 0 0 0 0 0.21289 -1 -0.57 0 0 0 
2.22327 0.987326 0.157563 -0.0190218 0.157563 -0.958778 0.236473 0.0190218 -0.236473 -0.971452 -0.248241 -0.296217 0.329465 0 -0.26689 -1.25 -0.32 0 0 0 0 -0.768 -1 -0.57 0 0 0 
2.20645 -0.429483 -0.236734 -0.871494 0.508328 -0.861003 -0.0166262 -0.746423 -0.450146 0.490125 0.298939 -0.0764024 0.0384288 0 -0.55789 -0.75 -0.82 0 0 0 0 0.39289 -1.25 -0.32 0 0 0 
2.18143 0.630117 -0.776267 -0.0190218 -0.751544 -0.615843 0.236473 -0.19528 -0.13471 -0.971452 -0.135497 0.14479 0.177261 0 -0.54289 -0.75 -0.82 0 0 0 0 0.31789 -1.25 -0.32 0 0 0 
2.07963 0.856217 -0.282075 -0.432812 -0.145037 -0.935336 0.322662 -0.495839 -0.213495 -0.841762 -0.158069 -0.201243 0.273809 0 -0.77389 -1.25 -0.32 0 0 0 0 -0.429 -1.25 -0.32 0 0 0 
2.06536 0.49031 -0.00972375 -0.871494 -0.00972375 0.999814 -0.0166262 0.871494 0.0166262 0.490125 0.163824 -0.158069 -0.408622 0 0.618 -1.5 -0.07 0 0 0 0 0.76189 -1.25 -0.32 0 0 0 
2.02048 0.023948 -0.500861 -0.865197 -0.0149745 -0.865527 0.500638 -0.999601 0.000966643 -0.0282278 0.0958664 -0.261645 0.206267 0 -1.09189 -1 -0.57 0 0 0 0 -0.348 -1 -0.57 0 0 0 
1.99784 0.023948 -0.500861 -0.865197 -0.0149745 -0.865527 0.500638 -0.999601 0.000966643 -0.0282278 0.066259 -0.0134442 0.201839 0 -0.50689 -0.5 -1.07 0 0 0 0 0.55789 -0.25 -1.32 0 0 0 
1.89151 -0.0892683 -0.463303 0.881692 -0.463303 -0.76431 -0.448531 0.881692 -0.448531 -0.146421 -0.39459 0.151835 -0.262314 0 -0.64789 -1.25 -0.32 0 0 0 0 -0.318 -1.5 -0.07 0 0 0 
1.86253 0.023948 -0.500861 -0.865197 -0.0149745 -0.865527 0.500638 -0.999601 0.000966643 -0.0282278 0.196039 -0.0885399 0.206073 0 -0.65689 -0.75 -0.82 0 0 0 0 0.16789 -0.5 -1.07 0 0 0 
1.82987 0.27117 -0.421784 -0.865197 0.419795 -0.757056 0.500638 -0.866163 -0.498963 -0.0282278 0.169955 -0.231626 0.239114 0 -0.25789 -1.25 -0.32 0 0 0 0 0.40789 -1.25 -0.32 0 0 0 
1.81011 0.0892683 0.463303 0.881692 0.463303 0.76431 -0.448531 -0.881692 0.448531 -0.146421 -0.350417 -0.121361 0.157593 0 0.549 -0.75 -0.82 0 0 0 0 0.65689 -1 -0.57 0 0 0 
1.80536 0.0892683 0.463303 0.881692 0.463303 0.76431 -0.448531 -0.881692 0.448531 -0.146421 -0.345926 0.0763537 0.261941 0 -0.13789 -1.25 -0.32 0 0 0 0 -0.222 -1 -0.57 0 0 0 
1.79479 0.0797467 0.468147 0.880045 0.468147 0.761846 -0.447692 -0.880045 0.447692 -0.158407 -0.3429 0.075468 0.2646 0 -0.13789 -1.25 -0.32 0 0 0 0 -0.219 -1 -0.57 0 0 0 
1.78697 -0.856217 0.282075 -0.432812 0.145037 0.935336 0.322662 0.495839 0.213495 -0.841762 0.30903 -0.0962094 0.1333 0 -0.32689 -1.5 -0.07 0 0 0 0 0.45889 -0.75 -0.82 0 0 0 
1.78409 0.953623 -0.27351 -0.125682 -0.225732 -0.926039 0.302485 -0.199119 -0.260086 -0.944832 -0.222939 -0.170022 0.167543 0 -0.86689 -1 -0.57 0 0 0 0 -0.474 -0.75 -0.82 0 0 0 
1.77309 -0.0797467 -0.468147 0.880045 -0.468147 -0.761846 -0.447692 0.880045 -0.447692 -0.158407 -0.441433 0.175011 -0.248495 0 -0.63289 -1.5 -0.07 0 0 0 0 -0.384 -1.5 -0.07 0 0 0 
1.76907 -0.0892683 -0.463303 0.881692 -0.463303 -0.76431 -0.448531 0.881692 -0.448531 -0.146421 -0.438674 0.174261 -0.254993 0 -0.63289 -1.5 -0.07 0 0 0 0 -0.378 -1.5 -0.07 0 0 0 
1.75169 -0.0797467 -0.468147 0.880045 -0.468147 -0.761846 -0.447692 0.880045 -0.447692 -0.158407 -0.210172 0.457365 -0.0773384 0 0.639 -1.25 -0.32 0 0 0 0 0.67189 -1.5 -0.07 0 0 0 
1.74526 -0.970775 -0.0207622 -0.239091 -0.0207622 -0.98525 0.169857 -0.239091 0.169857 0.956025 0.322677 -0.00297395 -0.17706 0 -0.0478897 -1.25 -0.32 0 0 0 0 0.0478897 -1.25 -0.32 0 0 0 
1.6877 -0.0797467 -0.468147 0.880045 -0.468147 -0.761846 -0.447692 0.880045 -0.447692 -0.158407 -0.397431 0.152627 -0.256415 0 -0.64789 -1.25 -0.32 0 0 0 0 -0.324 -1.5 -0.07 0 0 0 
1.68718 0.023948 -0.500861 -0.865197 -0.0149745 -0.865527 0.500638 -0.999601 0.000966643 -0.0282278 0.182386 -0.311709 0.209089 0 -1.12189 -1.5 -0.07 0 0 0 0 -0.357 -1.5 -0.07 0 0 0 
1.65642 0.689107 -0.713678 -0.125682 -0.658509 -0.689107 0.302485 -0.302485 -0.125682 -0.944832 -0.113041 0.0904301 0.236307 0 -0.27289 -0.25 -1.32 0 0 0 0 0.35689 -1 -0.57 0 0 0 
1.64154 -0.27117 0.421784 -0.865197 -0.419795 0.757056 0.500638 0.866163 0.498963 -0.0282278 0.361752 -0.026709 -0.233928 0 -0.19789 -1.5 -0.07 0 0 0 0 0.24889 -1.5 -0.07 0 0 0 
1.61669 -0.953623 0.27351 -0.125682 0.225732 0.926039 0.302485 0.199119 0.260086 -0.944832 0.175272 -0.0388526 0.0507274 0 -0.53389 -0.75 -0.82 0 0 0 0 0.72289 -0.5 -1.07 0 0 0 
1.58505 -0.165011 0.445301 0.880045 0.0245043 0.893852 -0.447692 -0.985987 -0.0523093 -0.158407 -0.334358 -0.0159795 0.254863 0 0.348 -1.25 -0.32 0 0 0 0 0.96289 -1.25 -0.32 0 0 0 
1.57967 0.165011 -0.445301 0.880045 -0.0245043 -0.893852 -0.447692 0.985987 0.0523093 -0.158407 -0.225394 0.128135 -0.178359 0 -0.18289 -1 -0.57 0 0 0 0 0.12889 -0.25 -1.32 0 0 0 
1.53181 0.023948 -0.500861 -0.865197 -0.0149745 -0.865527 0.500638 -0.999601 0.000966643 -0.0282278 0.139126 -0.286677 0.207678 0 -1.09789 -1.25 -0.32 0 0 0 0 -0.474 -1 -0.57 0 0 0 
1.51237 -0.953623 0.27351 -0.125682 0.225732 0.926039 0.302485 0.199119 0.260086 -0.944832 0.18784 -0.0691011 0.145211 0 -0.43789 -1 -0.57 0 0 0 0 -0.078 0 -1.57 0 0 0 
1.48404 0.0797467 0.468147 0.880045 0.468147 0.761846 -0.447692 -0.880045 0.447692 -0.158407 -0.166891 -0.0140705 0.232919 0 -0.49189 -0.5 -1.07 0 0 0 0 0.16189 -0.5 -1.07 0 0 0 
1.48024 -0.023948 0.500861 -0.865197 0.0149745 0.865527 0.500638 0.999601 -0.000966643 -0.0282278 0.148977 -0.292837 -0.203516 0 0.909 -0.5 -1.07 0 0 0 0 0.83689 -1.25 -0.32 0 0 0 
1.44224 -0.933831 0.357209 -0.0190218 0.342935 0.909107 0.236473 0.101763 0.214302 -0.971452 0.146612 -0.0488817 0.0731237 0 -0.60289 -0.75 -0.82 0 0 0 0 0.81289 -0.5 -1.07 0 0 0 
1.4213 0.851097 -0.467407 -0.239091 0.510606 0.84287 0.169857 0.12213 -0.266646 0.956025 -0.205539 -0.17456 -0.330975 0 0.183 -1 -0.57 0 0 0 0 0.0178897 -1 -0.57 0 0 0 
1.30616 0.600469 -0.672393 -0.432812 -0.593274 -0.737507 0.322662 -0.536157 0.0630275 -0.841762 -0.0150392 0.0647364 0.361621 0 -0.41689 -0.75 -0.82 0 0 0 0 0.0568897 -0.75 -0.82 0 0 0 
1.29217 0.154343 -0.445867 0.881692 -0.0190774 -0.893564 -0.448531 0.987833 0.0524072 -0.146421 -0.356932 -0.0290851 -0.164307 0 -1.04689 -1.25 -0.32 0 0 0 0 -0.612 -1.25 -0.32 0 0 0 
1.28829 0.987326 0.157563 -0.0190218 0.157563 -0.958778 0.236473 0.0190218 -0.236473 -0.971452 -0.249192 -0.284393 0.280892 0 -0.26689 -1 -0.57 0 0 0 0 -0.732 -0.75 -0.82 0 0 0 
1.26805 0.933831 -0.357209 -0.0190218 -0.342935 -0.909107 0.236473 -0.101763 -0.214302 -0.971452 -0.170624 0.0331954 0.253723 0 -0.0328897 -0.5 -1.07 0 0 0 0 0.16189 0 -1.57 0 0 0 
1.20815 -0.365554 0.303136 0.880045 -0.425705 0.786351 -0.447692 -0.827735 -0.538295 -0.158407 -0.21319 0.318519 0.298302 0 -0.15289 -1.5 -0.07 0 0 0 0 -0.024 -1.5 -0.07 0 0 0 
1.19435 -0.856217 0.282075 -0.432812 0.145037 0.935336 0.322662 0.495839 0.213495 -0.841762 0.28739 -0.0800763 0.0912114 0 -0.37789 -1.25 -0.32 0 0 0 0 0.49189 -0.5 -1.07 0 0 0 
1.18892 -0.356598 0.30896 0.881692 -0.43026 0.783388 -0.448531 -0.829285 -0.539303 -0.146421 -0.21617 0.320541 0.29526 0 -0.15289 -1.5 -0.07 0 0 0 0 -0.024 -1.5 -0.07 0 0 0 
1.16416 -0.933831 0.357209 -0.0190218 0.342935 0.909107 0.236473 0.101763 0.214302 -0.971452 0.0799257 -0.289821 0.273126 0 0.639 -0.75 -0.82 0 0 0 0 0.85789 -1.25 -0.32 0 0 0 
1.15465 0.165011 -0.445301 0.880045 -0.0245043 -0.893852 -0.447692 0.985987 0.0523093 -0.158407 -0.358457 -0.0282511 -0.159977 0 -1.05289 -1.25 -0.32 0 0 0 0 -0.618 -1.25 -0.32 0 0 0 
1.15282 0.023948 -0.500861 -0.865197 -0.0149745 -0.865527 0.500638 -0.999601 0.000966643 -0.0282278 0.109519 -0.0384761 0.203251 0 -0.70789 -0.25 -1.32 0 0 0 0 0.32689 -0.25 -1.32 0 0 0 
1.15028 0.356598 -0.30896 0.881692 0.43026 -0.783388 -0.448531 0.829285 0.539303 -0.146421 -0.431684 0.0605094 -0.205926 0 -0.0178897 -1.5 -0.07 0 0 0 0 0.25189 -1.5 -0.07 0 0 0 
1.12333 0.933831 -0.357209 -0.0190218 -0.342935 -0.909107 0.236473 -0.101763 -0.214302 -0.971452 -0.172527 0.0568427 0.156578 0 -0.23689 -1 -0.57 0 0 0 0 0.61789 -0.5 -1.07 0 0 0 
1.04978 0.970775 0.0207622 -0.239091 0.0207622 0.98525 0.169857 0.239091 -0.169857 0.956025 -0.245756 -0.00638261 -0.266313 0 -0.58789 -0.25 -1.32 0 0 0 0 0.0268897 -0.75 -0.82 0 0 0 
1.00095 -0.689107 0.713678 -0.125682 0.658509 0.689107 0.302485 0.302485 0.125682 -0.944832 0.113791 -0.0989722 -0.013261 0 -0.92389 -0.25 -1.32 0 0 0 0 0.29689 -0.5 -1.07 0 0 0 
0.996409 -0.365554 0.303136 0.880045 -0.425705 0.786351 -0.447692 -0.827735 -0.538295 -0.158407 -0.169188 0.296135 0.290382 0 -0.18889 -1.25 -0.32 0 0 0 0 -0.339 -0.75 -0.82 0 0 0 
0.987858 0.851097 -0.467407 -0.239091 0.510606 0.84287 0.169857 0.12213 -0.266646 0.956025 -0.193584 -0.183053 -0.378776 0 0.198 -1.25 -0.32 0 0 0 0 -0.018 -1.25 -0.32 0 0 0 
0.876258 -0.365554 0.303136 0.880045 -0.425705 0.786351 -0.447692 -0.827735 -0.538295 -0.158407 -0.125185 0.27375 0.282462 0 -0.20389 -1.25 -0.32 0 0 0 0 -0.048 -1.5 -0.07 0 0 0 
0.834849 0.987326 0.157563 -0.0190218 0.157563 -0.958778 0.236473 0.0190218 -0.236473 -0.971452 -0.279754 -0.104461 0.376759 0 0.243 -1.25 -0.32 0 0 0 0 -0.108 -1 -0.57 0 0 0 
0.828682 0.365554 -0.303136 0.880045 0.425705 -0.786351 -0.447692 0.827735 0.538295 -0.158407 -0.433511 0.0619446 -0.200579 0 -0.0118897 -1.5 -0.07 0 0 0 0 0.25189 -1.5 -0.07 0 0 0 
0.808739 0.809561 -0.45099 0.375791 -0.45099 -0.887601 -0.0936569 0.375791 -0.0936569 -0.92196 -0.399015 -0.0209785 0.222195 0 -0.69289 -1.25 -0.32 0 0 0 0 -0.693 -0.75 -0.82 0 0 0 
0.807032 -0.27117 0.421784 -0.865197 -0.419795 0.757056 0.500638 0.866163 0.498963 -0.0282278 0.275233 0.0233547 -0.236751 0 -0.28189 -1.25 -0.32 0 0 0 0 0.29389 -0.75 -0.82 0 0 0 
0.702341 -0.630117 0.776267 -0.0190218 0.751544 0.615843 0.236473 0.19528 0.13471 -0.971452 0.113387 -0.184123 0.246731 0 -0.19789 -0.5 -1.07 0 0 0 0 -0.189 -0.75 -0.82 0 0 0 
0.637984 0.27117 -0.421784 -0.865197 0.419795 -0.757056 0.500638 -0.866163 -0.498963 -0.0282278 0.256475 -0.28169 0.241937 0 -0.24289 -1.5 -0.07 0 0 0 0 -0.129 -1.5 -0.07 0 0 0 
0.567984 0.365554 -0.303136 0.880045 0.425705 -0.786351 -0.447692 0.827735 0.538295 -0.158407 -0.345507 0.0171754 -0.21642 0 0.069 -0.75 -0.82 0 0 0 0 0.16189 -0.75 -0.82 0 0 0 
0.551552 -0.154343 0.445867 0.881692 0.0190774 0.893564 -0.448531 -0.987833 -0.0524072 -0.146421 -0.425184 0.0302836 0.267283 0 0.549 -1.5 -0.07 0 0 0 0 0.71689 -1.5 -0.07 0 0 0 
0.53722 -0.165011 0.445301 0.880045 0.0245043 0.893852 -0.447692 -0.985987 -0.0523093 -0.158407 -0.422363 0.0287897 0.270704 0 0.552 -1.5 -0.07 0 0 0 0 0.71689 -1.5 -0.07 0 0 0 
0.444533 -0.023948 0.500861 -0.865197 0.0149745 0.865527 0.500638 0.999601 -0.000966643 -0.0282278 0.192237 -0.317869 -0.202105 0 0.609 -1.25 -0.32 0 0 0 0 0.76789 -1.5 -0.07 0 0 0 
0.354744 -0.303136 -0.365554 0.880045 -0.786351 -0.425705 -0.447692 0.538295 -0.827735 -0.158407 0.02017 0.430715 0.0150948 0 0.564 -0.75 -0.82 0 0 0 0 0.69289 -0.5 -1.07 0 0 0 
0.234904 0.689107 -0.713678 -0.125682 -0.658509 -0.689107 0.302485 -0.302485 -0.125682 -0.944832 -0.119325 0.105554 0.189066 0 -0.54289 -0.75 -0.82 0 0 0 0 0.37789 -1.25 -0.32 0 0 0 
0.175234 0.600469 -0.672393 -0.432812 -0.593274 -0.737507 0.322662 -0.536157 0.0630275 -0.841762 0.0977988 0.228371 0.306927 0 0.528 -0.5 -1.07 0 0 0 0 0.61789 -0.75 -0.82 0 0 0 
0.170825 -0.30896 -0.356598 0.881692 -0.783388 -0.43026 -0.448531 0.539303 -0.829285 -0.146421 0.0197464 0.430325 0.0136404 0 0.567 -0.75 -0.82 0 0 0 0 0.69289 -0.5 -1.07 0 0 0 
0.133177 -0.49031 0.00972375 -0.871494 0.00972375 -0.999814 -0.0166262 -0.871494 -0.0166262 0.490125 0.461071 0.0376554 0.0245411 0 0.078 -1.25 -0.32 0 0 0 0 -0.237 -1.5 -0.07 0 0 0 
0.131088 0.830335 0.503368 -0.239091 -0.474644 0.863633 0.169857 0.291987 -0.0275552 0.956025 0.0123569 0.23637 -0.401791 0 -1.05289 -1.5 -0.07 0 0 0 0 -0.618 -1.5 -0.07 0 0 0 
