Prehension: 
  - 
    FingerSetting: 
      - 
        Close: [ -0.001 ]
        Comp: [ 0 ]
        Contact: [ 1 ]
      - 
        Close: [ 0.001 ]
        Comp: [ 0 ]
        Contact: [ 1 ]
    GRCDES: 
      Edges: [ 0.15, 0.05, 0.075 ]
      Position: [ -0.16, 0, 0 ]
      Rpy: [ -3.14159, 1.309, -1.5708 ]
    GRCMAX: 
      Edges: [ 0.3, 0.1, 0.15 ]
      Position: [ -0.16, 0, 0 ]
      Rpy: [ -3.14159, 1.309, -1.5708 ]
    GRCMIN: 
      Edges: [ 0.03, 0.01, 0.015 ]
      Position: [ -0.16, 0, 0 ]
      Rpy: [ -3.14159, 1.309, -1.5708 ]
    Load: [ 0, 1 ]
    Reference_Motion: prehension
    name: tip
