6.80886 0.0021835 0.978125 -0.208005 -0.0956429 0.207256 0.9736 0.995413 0.0177683 0.0940033 0.000269042 -0.0291997 0.166107 0.0254 -0.0258 
6.80662 0.00217101 -0.978125 0.208005 -0.0956442 -0.207255 -0.9736 0.995413 -0.0177807 -0.0940019 0.000267044 -0.0291999 0.166107 0.0254 -0.0262 
5.88995 -0.00217111 0.951086 -0.30892 0.0956423 -0.307307 -0.946792 -0.995413 -0.0316014 -0.0902968 -0.000427695 0.0014059 -0.152426 0.0254 -0.0258 
5.74746 -0.0021834 -0.951086 0.30892 0.0956448 0.307305 0.946792 -0.995413 0.0316138 0.0902954 -0.000429661 0.00140631 -0.152426 0.0254 -0.0258 
2.069 -0.0522311 0.965169 -0.256359 -0.994068 -0.0747732 -0.0789812 -0.0953991 0.250713 0.963349 -0.0084373 -0.172948 -0.00842342 0.0268 -0.0254 
1.71391 -0.0522435 -0.965169 0.256359 -0.994067 0.0747856 0.0789799 -0.0954009 -0.250712 -0.963349 -0.00843928 -0.172948 -0.00842371 0.0248 -0.0272 
1.61907 0.0522311 -0.964042 0.260565 0.994068 0.0252651 -0.105788 0.0954009 0.264545 0.959643 0.00827667 0.145154 0.0221046 0.0264 -0.0258 
1.43996 0.0522435 0.964042 -0.260565 0.994067 -0.0252775 0.105789 0.095399 -0.264546 -0.959643 0.00827865 0.145154 0.0221043 0.0252 -0.0268 
