6.37755 0.00546793 -0.97393 0.226784 -0.164777 -0.224565 -0.960427 0.986316 -0.0321172 -0.161709 0.0105565 -0.0302353 0.241778 0.0258 -0.0088 
6.37731 0.00546793 -0.97393 0.226784 -0.164777 -0.224565 -0.960427 0.986316 -0.0321172 -0.161709 0.000158061 -0.0299059 0.241891 0.0154 -0.0194 
6.35705 0.00546793 -0.97393 0.226784 -0.164777 -0.224565 -0.960427 0.986316 -0.0321172 -0.161709 -0.0102404 -0.0295766 0.242004 0.0052 -0.0298 
6.32383 0.00548039 0.97393 -0.226784 -0.164775 0.224567 0.960426 0.986316 0.0321049 0.16171 0.000160055 -0.0299057 0.241891 0.0192 -0.0162 
6.32361 0.00548039 0.97393 -0.226784 -0.164775 0.224567 0.960426 0.986316 0.0321049 0.16171 -0.0102384 -0.0295763 0.242004 0.0294 -0.0058 
5.33361 -0.0330179 -0.966802 0.253383 -0.985822 0.0732335 0.150967 -0.164511 -0.244807 -0.955513 -0.00599968 -0.161273 0.0577589 0.0148 -0.0168 
5.33348 -0.0330179 -0.966802 0.253383 -0.985822 0.0732335 0.150967 -0.164511 -0.244807 -0.955513 0.00439875 -0.161603 0.0576462 0.0252 -0.0064 
5.33313 -0.0330179 -0.966802 0.253383 -0.985822 0.0732335 0.150967 -0.164511 -0.244807 -0.955513 -0.0163981 -0.160944 0.0578717 0.0044 -0.0274 
5.258 -0.0330055 0.966803 -0.253384 -0.985823 -0.0732212 -0.150968 -0.164509 0.244809 0.955513 0.00440074 -0.161603 0.0576464 0.0058 -0.0258 
5.25769 -0.0330055 0.966803 -0.253384 -0.985823 -0.0732212 -0.150968 -0.164509 0.244809 0.955513 -0.00599769 -0.161273 0.0577592 0.0164 -0.0154 
5.25749 -0.0330055 0.966803 -0.253384 -0.985823 -0.0732212 -0.150968 -0.164509 0.244809 0.955513 -0.0163961 -0.160944 0.0578719 0.0268 -0.0048 
4.67817 0.016817 0.952655 -0.303587 0.999279 -0.00568022 0.03753 0.0340287 -0.304 -0.952064 -0.00681087 0.162183 0.101784 0.0278 -0.0074 
4.67816 0.016817 0.952655 -0.303587 0.999279 -0.00568022 0.03753 0.0340287 -0.304 -0.952064 0.0045436 0.16201 0.101247 0.0164 -0.0188 
4.67781 0.016817 0.952655 -0.303587 0.999279 -0.00568022 0.03753 0.0340287 -0.304 -0.952064 0.0158981 0.161837 0.10071 0.0052 -0.03 
4.47008 0.0466868 0.969088 -0.242259 -0.0347812 0.243954 0.969163 0.998304 -0.0368211 0.0450954 0.0201465 -0.00321718 0.243645 0.0052 -0.03 
4.47004 0.0466868 0.969088 -0.242259 -0.0347812 0.243954 0.969163 0.998304 -0.0368211 0.0450954 -0.00256239 -0.00287172 0.244719 0.0278 -0.0074 
4.45546 0.0466868 0.969088 -0.242259 -0.0347812 0.243954 0.969163 0.998304 -0.0368211 0.0450954 0.00879207 -0.00304445 0.244182 0.0164 -0.0188 
4.43789 0.0466868 0.969088 -0.242259 -0.0347812 0.243954 0.969163 0.998304 -0.0368211 0.0450954 0.0203376 0.00814309 0.244032 0.0052 -0.03 
4.43515 0.0466868 0.969088 -0.242259 -0.0347812 0.243954 0.969163 0.998304 -0.0368211 0.0450954 0.00898318 0.00831582 0.244569 0.0164 -0.0188 
4.4226 -0.0466744 0.960386 -0.274735 0.034781 -0.273306 -0.961298 -0.998304 -0.0544236 -0.0206468 -0.0173091 0.0196185 -0.0743514 0.0264 -0.0054 
4.41731 0.0466868 0.969088 -0.242259 -0.0347812 0.243954 0.969163 0.998304 -0.0368211 0.0450954 -0.00237128 0.00848855 0.245106 0.0278 -0.0074 
4.4114 -0.0466744 0.960386 -0.274735 0.034781 -0.273306 -0.961298 -0.998304 -0.0544236 -0.0206468 0.00539985 0.019273 -0.0754253 0.0038 -0.0284 
4.31896 -0.0466868 -0.960386 0.274735 0.0347831 0.273306 0.961298 -0.998304 0.0544361 0.0206454 -0.0173111 0.0196188 -0.0743513 0.0052 -0.0268 
4.30614 -0.0466868 -0.960386 0.274735 0.0347831 0.273306 0.961298 -0.998304 0.0544361 0.0206454 0.00539788 0.0192734 -0.0754252 0.0278 -0.0042 
4.27456 0.0330179 0.963969 -0.263959 0.985823 0.0120598 0.167356 0.164509 -0.265742 -0.949904 0.00467997 0.150761 0.130926 0.0188 -0.0162 
4.27452 0.0330179 0.963969 -0.263959 0.985823 0.0120598 0.167356 0.164509 -0.265742 -0.949904 0.0150784 0.150432 0.130813 0.0084 -0.0264 
4.27231 0.0330179 0.963969 -0.263959 0.985823 0.0120598 0.167356 0.164509 -0.265742 -0.949904 -0.00571846 0.151091 0.131039 0.0294 -0.0058 
4.251 0.0330055 -0.963969 0.263959 0.985823 -0.0120721 -0.167355 0.164511 0.26574 0.949904 0.00467799 0.150761 0.130926 0.0158 -0.0194 
4.21073 0.0168048 -0.952655 0.303587 0.999279 0.00566776 -0.0375286 0.0340312 0.303999 0.952064 0.0158961 0.161837 0.100711 0.0298 -0.0054 
4.20084 0.016817 0.952655 -0.303587 0.999279 -0.00568022 0.03753 0.0340287 -0.304 -0.952064 0.00507428 0.161614 0.112597 0.0164 -0.0188 
4.20064 0.016817 0.952655 -0.303587 0.999279 -0.00568022 0.03753 0.0340287 -0.304 -0.952064 -0.00628018 0.161787 0.113133 0.0278 -0.0074 
4.20014 0.0168048 -0.952655 0.303587 0.999279 0.00566776 -0.0375286 0.0340312 0.303999 0.952064 0.00454163 0.16201 0.101248 0.0184 -0.0168 
4.17728 0.0330055 -0.963969 0.263959 0.985823 -0.0120721 -0.167355 0.164511 0.26574 0.949904 -0.00572044 0.151091 0.131039 0.0054 -0.0298 
4.17725 0.0330055 -0.963969 0.263959 0.985823 -0.0120721 -0.167355 0.164511 0.26574 0.949904 0.0150764 0.150432 0.130813 0.0262 -0.0092 
4.14984 0.0466744 -0.969088 0.242259 -0.0347829 -0.243953 -0.969163 0.998304 0.0368086 -0.0450941 0.00879008 -0.00304472 0.244182 0.0184 -0.0168 
4.14962 0.0466744 -0.969088 0.242259 -0.0347829 -0.243953 -0.969163 0.998304 0.0368086 -0.0450941 -0.00256438 -0.00287199 0.244719 0.0072 -0.0284 
4.14961 0.0466744 -0.969088 0.242259 -0.0347829 -0.243953 -0.969163 0.998304 0.0368086 -0.0450941 0.0201445 -0.00321745 0.243645 0.0298 -0.0054 
4.14841 0.0330055 -0.963969 0.263959 0.985823 -0.0120721 -0.167355 0.164511 0.26574 0.949904 -0.0057774 0.152805 0.120777 0.0054 -0.0298 
4.14835 0.0330055 -0.963969 0.263959 0.985823 -0.0120721 -0.167355 0.164511 0.26574 0.949904 0.0150195 0.152146 0.120552 0.0262 -0.0092 
4.12779 0.998768 -0.028326 -0.0407384 -0.0152 -0.956228 0.292226 -0.0472328 -0.291247 -0.955481 0.160594 0.000483957 0.0655471 0.0132 -0.0078 
4.12743 0.998768 -0.028326 -0.0407384 -0.0152 -0.956228 0.292226 -0.0472328 -0.291247 -0.955481 0.160403 -0.0108763 0.0651602 0.0018 -0.0192 
4.11252 0.0466744 -0.969088 0.242259 -0.0347829 -0.243953 -0.969163 0.998304 0.0368086 -0.0450941 0.0203357 0.00814282 0.244032 0.0298 -0.0054 
4.11224 0.0466744 -0.969088 0.242259 -0.0347829 -0.243953 -0.969163 0.998304 0.0368086 -0.0450941 -0.00237327 0.00848828 0.245106 0.0072 -0.0284 
4.108 0.0466744 -0.969088 0.242259 -0.0347829 -0.243953 -0.969163 0.998304 0.0368086 -0.0450941 0.0089812 0.00831555 0.244569 0.0184 -0.0168 
4.10573 0.998769 0.0283136 0.0407398 -0.0151877 0.956229 -0.292227 -0.0472305 0.291248 0.955481 0.160594 0.00048593 0.0655475 0.0074 -0.0138 
4.10519 0.998769 0.0283136 0.0407398 -0.0151877 0.956229 -0.292227 -0.0472305 0.291248 0.955481 0.160403 -0.0108743 0.0651606 0.0188 -0.0024 
4.09295 0.0168048 -0.952655 0.303587 0.999279 0.00566776 -0.0375286 0.0340312 0.303999 0.952064 0.0164268 0.161442 0.11206 0.0298 -0.0054 
4.0826 0.0168048 -0.952655 0.303587 0.999279 0.00566776 -0.0375286 0.0340312 0.303999 0.952064 -0.00628215 0.161787 0.113134 0.0072 -0.0284 
4.06412 0.0168048 -0.952655 0.303587 0.999279 0.00566776 -0.0375286 0.0340312 0.303999 0.952064 0.00507232 0.161614 0.112597 0.0184 -0.0168 
3.66917 -0.0466795 0.274736 0.960386 0.0347882 0.961298 -0.273306 -0.998304 0.0206524 -0.0544305 0.00501681 -0.00344635 -0.0761989 0.0188 -0.0024 
3.66756 -0.0466795 0.274736 0.960386 0.0347882 0.961298 -0.273306 -0.998304 0.0206524 -0.0544305 0.00520792 0.00791393 -0.075812 0.0074 -0.0138 
3.62339 -0.0466816 -0.274735 -0.960386 0.0347759 -0.961298 0.273306 -0.998304 -0.0206399 0.0544291 0.00520758 0.00791195 -0.0758121 0.0132 -0.0078 
3.61978 -0.0466816 -0.274735 -0.960386 0.0347759 -0.961298 0.273306 -0.998304 -0.0206399 0.0544291 0.00501647 -0.00344832 -0.076199 0.0018 -0.0194 
3.59119 -0.0466795 0.274736 0.960386 0.0347882 0.961298 -0.273306 -0.998304 0.0206524 -0.0544305 -0.00614654 0.00808666 -0.0752751 0.0074 -0.0138 
3.59068 -0.0466795 0.274736 0.960386 0.0347882 0.961298 -0.273306 -0.998304 0.0206524 -0.0544305 -0.00633766 -0.00327361 -0.075662 0.0188 -0.0024 
3.56901 -0.0330179 -0.966802 0.253383 -0.985822 0.0732335 0.150967 -0.164511 -0.244807 -0.955513 -0.016512 -0.157515 0.0373479 0.0044 -0.0274 
3.56899 -0.0330179 -0.966802 0.253383 -0.985822 0.0732335 0.150967 -0.164511 -0.244807 -0.955513 -0.00611358 -0.157845 0.0372352 0.0148 -0.0168 
3.55502 -0.0330055 0.966803 -0.253384 -0.985823 -0.0732212 -0.150968 -0.164509 0.244809 0.955513 -0.01651 -0.157515 0.0373482 0.0268 -0.0048 
3.55345 -0.0330055 0.966803 -0.253384 -0.985823 -0.0732212 -0.150968 -0.164509 0.244809 0.955513 -0.0061116 -0.157845 0.0372354 0.0164 -0.0154 
3.5486 -0.0330055 0.966803 -0.253384 -0.985823 -0.0732212 -0.150968 -0.164509 0.244809 0.955513 -0.0164531 -0.15923 0.0476101 0.0268 -0.0048 
3.53623 -0.0330055 0.966803 -0.253384 -0.985823 -0.0732212 -0.150968 -0.164509 0.244809 0.955513 0.00434378 -0.159888 0.0473846 0.0062 -0.0258 
3.53607 -0.0330055 0.966803 -0.253384 -0.985823 -0.0732212 -0.150968 -0.164509 0.244809 0.955513 -0.00605464 -0.159559 0.0474973 0.0164 -0.0154 
3.5335 -0.0330055 0.966803 -0.253384 -0.985823 -0.0732212 -0.150968 -0.164509 0.244809 0.955513 0.00428683 -0.158174 0.0371227 0.0062 -0.0258 
3.50959 -0.0330179 -0.966802 0.253383 -0.985822 0.0732335 0.150967 -0.164511 -0.244807 -0.955513 0.00428484 -0.158174 0.0371224 0.0252 -0.0064 
3.50657 -0.0330179 -0.966802 0.253383 -0.985822 0.0732335 0.150967 -0.164511 -0.244807 -0.955513 -0.00605663 -0.159559 0.047497 0.0148 -0.0168 
3.50653 -0.0330179 -0.966802 0.253383 -0.985822 0.0732335 0.150967 -0.164511 -0.244807 -0.955513 -0.0164551 -0.15923 0.0476098 0.0044 -0.0274 
3.50653 -0.0330179 -0.966802 0.253383 -0.985822 0.0732335 0.150967 -0.164511 -0.244807 -0.955513 0.0043418 -0.159888 0.0473843 0.0252 -0.0064 
3.22122 0.0330055 -0.963969 0.263959 0.985823 -0.0120721 -0.167355 0.164511 0.26574 0.949904 0.0148486 0.157289 0.089766 0.0254 -0.0064 
3.21855 0.0330179 0.963969 -0.263959 0.985823 0.0120598 0.167356 0.164509 -0.265742 -0.949904 0.00445215 0.157619 0.0898784 0.0164 -0.0154 
3.21851 0.0330179 0.963969 -0.263959 0.985823 0.0120598 0.167356 0.164509 -0.265742 -0.949904 -0.00594628 0.157948 0.0899911 0.0268 -0.0052 
3.20263 0.0330179 0.963969 -0.263959 0.985823 0.0120598 0.167356 0.164509 -0.265742 -0.949904 0.0045091 0.155904 0.10014 0.0164 -0.0154 
3.2026 0.0330179 0.963969 -0.263959 0.985823 0.0120598 0.167356 0.164509 -0.265742 -0.949904 -0.00588932 0.156234 0.100253 0.0268 -0.0052 
3.20184 -0.0466868 -0.960386 0.274735 0.0347831 0.273306 0.961298 -0.998304 0.0544361 0.0206454 -0.0176933 -0.00310171 -0.075125 0.0048 -0.0272 
3.20142 -0.0466868 -0.960386 0.274735 0.0347831 0.273306 0.961298 -0.998304 0.0544361 0.0206454 -0.00633882 -0.00327444 -0.0756619 0.0164 -0.0158 
3.20132 -0.0466868 -0.960386 0.274735 0.0347831 0.273306 0.961298 -0.998304 0.0544361 0.0206454 0.00501565 -0.00344717 -0.0761989 0.0278 -0.0044 
3.16379 -0.0466744 0.960386 -0.274735 0.034781 -0.273306 -0.961298 -0.998304 -0.0544236 -0.0206468 -0.00633684 -0.00327477 -0.075662 0.0154 -0.0168 
3.16376 -0.0466744 0.960386 -0.274735 0.034781 -0.273306 -0.961298 -0.998304 -0.0544236 -0.0206468 -0.0176913 -0.00310204 -0.0751251 0.0268 -0.0054 
3.1637 -0.0466744 0.960386 -0.274735 0.034781 -0.273306 -0.961298 -0.998304 -0.0544236 -0.0206468 0.00501763 -0.0034475 -0.076199 0.0038 -0.0282 
3.06277 -0.0168171 -0.976819 0.213407 -0.999279 0.0236845 0.0296638 -0.0340306 -0.212755 -0.976513 -0.0132537 -0.156796 0.0681964 0.0048 -0.0272 
3.06218 -0.0168171 -0.976819 0.213407 -0.999279 0.0236845 0.0296638 -0.0340306 -0.212755 -0.976513 -0.00189925 -0.156969 0.0676595 0.0164 -0.0158 
3.06217 -0.0168171 -0.976819 0.213407 -0.999279 0.0236845 0.0296638 -0.0340306 -0.212755 -0.976513 0.00945522 -0.157141 0.0671225 0.0278 -0.0044 
3.01637 -0.0168047 0.976819 -0.213407 -0.99928 -0.0236721 -0.0296652 -0.0340293 0.212755 0.976513 -0.00242794 -0.156573 0.0563105 0.0154 -0.0164 
2.96577 -0.0168171 -0.976819 0.213407 -0.999279 0.0236845 0.0296638 -0.0340306 -0.212755 -0.976513 -0.0137844 -0.156401 0.0568472 0.0048 -0.0272 
2.96369 -0.0168047 0.976819 -0.213407 -0.99928 -0.0236721 -0.0296652 -0.0340293 0.212755 0.976513 -0.0132517 -0.156796 0.0681966 0.0268 -0.0054 
2.96365 -0.0168047 0.976819 -0.213407 -0.99928 -0.0236721 -0.0296652 -0.0340293 0.212755 0.976513 -0.00189725 -0.156969 0.0676597 0.0154 -0.0168 
2.96357 -0.0168047 0.976819 -0.213407 -0.99928 -0.0236721 -0.0296652 -0.0340293 0.212755 0.976513 0.00945721 -0.157141 0.0671227 0.0038 -0.0282 
2.96337 -0.0168171 -0.976819 0.213407 -0.999279 0.0236845 0.0296638 -0.0340306 -0.212755 -0.976513 -0.00242993 -0.156573 0.0563103 0.0164 -0.0158 
2.96306 -0.0168171 -0.976819 0.213407 -0.999279 0.0236845 0.0296638 -0.0340306 -0.212755 -0.976513 0.00892453 -0.156746 0.0557733 0.0278 -0.0044 
2.89607 -0.0168047 0.976819 -0.213407 -0.99928 -0.0236721 -0.0296652 -0.0340293 0.212755 0.976513 -0.0137824 -0.156401 0.0568474 0.0268 -0.0056 
2.89538 -0.0168047 0.976819 -0.213407 -0.99928 -0.0236721 -0.0296652 -0.0340293 0.212755 0.976513 0.00892653 -0.156746 0.0557735 0.0038 -0.0284 
2.8508 -0.0466744 0.960386 -0.274735 0.034781 -0.273306 -0.961298 -0.998304 -0.0544236 -0.0206468 -0.0175002 0.00825823 -0.0747382 0.0268 -0.0054 
2.8508 -0.0466744 0.960386 -0.274735 0.034781 -0.273306 -0.961298 -0.998304 -0.0544236 -0.0206468 0.00520874 0.00791277 -0.0758121 0.0038 -0.0284 
2.84491 -0.0466744 0.960386 -0.274735 0.034781 -0.273306 -0.961298 -0.998304 -0.0544236 -0.0206468 -0.00614572 0.0080855 -0.0752752 0.0154 -0.0168 
2.79793 -0.0466868 -0.960386 0.274735 0.0347831 0.273306 0.961298 -0.998304 0.0544361 0.0206454 -0.0061477 0.00808584 -0.0752751 0.0164 -0.0158 
2.79791 -0.0466868 -0.960386 0.274735 0.0347831 0.273306 0.961298 -0.998304 0.0544361 0.0206454 -0.0175022 0.00825857 -0.0747381 0.0052 -0.0272 
2.79788 -0.0466868 -0.960386 0.274735 0.0347831 0.273306 0.961298 -0.998304 0.0544361 0.0206454 0.00520676 0.00791311 -0.075812 0.0278 -0.0044 
2.7562 -0.0168171 -0.976819 0.213407 -0.999279 0.0236845 0.0296638 -0.0340306 -0.212755 -0.976513 -0.000837874 -0.15776 0.0903578 0.0178 -0.0168 
2.7319 -0.0168047 0.976819 -0.213407 -0.99928 -0.0236721 -0.0296652 -0.0340293 0.212755 0.976513 -0.000835877 -0.15776 0.090358 0.0164 -0.0184 
2.71828 -0.0168047 0.976819 -0.213407 -0.99928 -0.0236721 -0.0296652 -0.0340293 0.212755 0.976513 0.0105186 -0.157932 0.0898211 0.0052 -0.0298 
2.7173 -0.0168047 0.976819 -0.213407 -0.99928 -0.0236721 -0.0296652 -0.0340293 0.212755 0.976513 -0.0121903 -0.157587 0.090895 0.0278 -0.0072 
2.43267 -0.00548033 -0.956842 0.290558 0.164777 0.285726 0.944039 -0.986316 0.0530509 0.1561 0.00880477 0.0224932 -0.0738426 0.0254 -0.0064 
2.43267 -0.00548033 -0.956842 0.290558 0.164777 0.285726 0.944039 -0.986316 0.0530509 0.1561 -0.0119921 0.023152 -0.0736171 0.0048 -0.0274 
2.41873 -0.00548033 -0.956842 0.290558 0.164777 0.285726 0.944039 -0.986316 0.0530509 0.1561 -0.00159366 0.0228226 -0.0737298 0.0152 -0.0168 
2.38933 -0.005468 0.956842 -0.290558 0.164775 -0.285729 -0.944038 -0.986316 -0.0530386 -0.156101 0.00880674 0.0224929 -0.0738426 0.0062 -0.0258 
2.3764 -0.005468 0.956842 -0.290558 0.164775 -0.285729 -0.944038 -0.986316 -0.0530386 -0.156101 -0.00159169 0.0228222 -0.0737299 0.0164 -0.0154 
2.37638 -0.005468 0.956842 -0.290558 0.164775 -0.285729 -0.944038 -0.986316 -0.0530386 -0.156101 -0.0119901 0.0231516 -0.0736171 0.0268 -0.0052 
1.36575 -0.0466816 -0.274735 -0.960386 0.0347759 -0.961298 0.273306 -0.998304 -0.0206399 0.0544291 -0.0175013 0.00825741 -0.0747382 0.0138 -0.0074 
1.36525 -0.0466816 -0.274735 -0.960386 0.0347759 -0.961298 0.273306 -0.998304 -0.0206399 0.0544291 -0.0176925 -0.00310286 -0.0751251 0.0024 -0.0188 
1.2932 -0.0466795 0.274736 0.960386 0.0347882 0.961298 -0.273306 -0.998304 0.0206524 -0.0544305 -0.0176921 -0.00310088 -0.075125 0.0184 -0.0028 
1.25526 -0.0466795 0.274736 0.960386 0.0347882 0.961298 -0.273306 -0.998304 0.0206524 -0.0544305 -0.017501 0.00825939 -0.0747381 0.0068 -0.0142 
