4.60114 -9.50685e-07 -0.258816 -0.965927 6.20164e-06 0.965927 -0.258816 1 -6.23638e-06 6.86792e-07 -1.5211e-07 9.92262e-07 0.16 0.0138 -0.0144 
4.52679 9.50685e-07 0.258816 0.965927 -6.20164e-06 -0.965927 0.258816 1 -6.23638e-06 6.86792e-07 1.5211e-07 -9.92262e-07 0.16 0.0138 -0.0144 
3.6006 -6.20164e-06 -0.965927 0.258816 -9.50685e-07 -0.258816 -0.965927 1 -6.23638e-06 6.86792e-07 -9.92262e-07 -1.5211e-07 0.16 0.0128 -0.0134 
3.56463 6.20164e-06 0.965927 -0.258816 9.50685e-07 0.258816 0.965927 1 -6.23638e-06 6.86792e-07 9.92262e-07 1.5211e-07 0.16 0.0128 -0.0134 
