4.50624 0.831472 -0.154563 -0.533633 -0.555509 -0.217488 -0.802564 0.00798786 0.963748 -0.266696 0.0964275 -0.0969886 0.0240808 0.0244 -0.0344 
4.12349 0.831473 0.154552 0.533634 -0.555507 0.217495 0.802563 0.00797547 -0.963748 0.266696 0.0964276 -0.0969883 0.0240788 0.0338 -0.0248 
3.59644 0.750297 0.15929 -0.641624 0.60336 0.23169 0.763071 0.270208 -0.95966 0.0777268 0.0996617 0.0902822 0.0507364 0.0218 -0.0364 
3.51149 0.27159 -0.293884 -0.916445 0.0953516 0.955768 -0.278236 0.957678 -0.0118184 0.287599 0.0333547 0.00711864 0.169053 0.0288 -0.0278 
3.29323 0.27159 -0.293884 -0.916445 0.0953516 0.955768 -0.278236 0.957678 -0.0118184 0.287599 0.045523 0.00738937 0.165575 0.0284 -0.0214 
2.80143 0.578537 0.503214 0.641928 -0.797035 0.181572 0.575992 0.173291 -0.844871 0.506125 0.0674272 -0.134172 0.0492998 0.0364 -0.0238 
2.80112 0.578537 0.503214 0.641928 -0.797035 0.181572 0.575992 0.173291 -0.844871 0.506125 0.0721801 -0.133781 0.0352298 0.0214 -0.0388 
2.18344 -0.578535 -0.114837 0.807533 0.797036 0.130746 0.589609 -0.173291 0.984743 0.0158879 -0.101805 0.130234 -0.0162089 0.0358 -0.0224 
2.1044 -0.578533 0.114844 -0.807534 0.797036 -0.130756 -0.589608 -0.173303 -0.98474 -0.0158881 -0.101804 0.130234 -0.0162108 0.0218 -0.0364 
2.10435 -0.578533 0.114844 -0.807534 0.797036 -0.130756 -0.589608 -0.173303 -0.98474 -0.0158881 -0.106557 0.129843 -0.00214081 0.0368 -0.0214 
2.02298 0.406716 0.0542873 0.91194 0.820233 -0.461227 -0.338359 0.402243 0.88562 -0.232117 0.0422245 0.0995133 0.073135 0.0338 -0.0378 
1.37013 -0.0309235 0.964133 -0.26361 -0.114878 -0.265417 -0.957265 -0.992898 0.000681078 0.118965 -0.0427829 -0.0518126 -0.154514 0.0378 -0.0228 
1.36969 -0.0309235 0.964133 -0.26361 -0.114878 -0.265417 -0.957265 -0.992898 0.000681078 0.118965 -0.0300292 -0.0519225 -0.154899 0.0248 -0.0354 
1.29347 -0.974379 -0.213226 0.0715564 0.224899 -0.927198 0.29954 0.00247744 0.307958 0.951397 -0.188259 0.0158417 0.0160548 0.0398 -0.0438 
1.20529 -0.0309359 -0.964133 0.26361 -0.114876 0.265419 0.957265 -0.992898 -0.000668694 -0.118967 -0.0300312 -0.0519222 -0.154899 0.0352 -0.0254 
1.20521 -0.0309359 -0.964133 0.26361 -0.114876 0.265419 0.957265 -0.992898 -0.000668694 -0.118967 -0.0427849 -0.0518122 -0.154514 0.0224 -0.0384 
0.795697 0.0309306 0.253767 0.966771 0.114871 -0.961727 0.248768 0.992899 0.103359 -0.0588972 -0.0200675 -0.00248765 0.16136 0.0438 -0.0432 
0.725082 0.999509 0.0129204 0.0285578 -0.00861229 0.989228 -0.14613 -0.0301382 0.145812 0.988853 0.122151 -0.022135 -0.00194091 0.0428 -0.0444 
0.474663 -0.0139369 -0.883077 0.469022 -0.0493574 0.469103 0.881763 -0.998684 -0.0108606 -0.0501242 -0.0413619 -0.057402 -0.142585 0.0238 -0.0268 
0.353685 -0.0139253 0.883077 -0.469022 -0.049362 -0.469103 -0.881763 -0.998684 0.0108731 0.0501228 -0.04136 -0.0574028 -0.142585 0.0264 -0.0244 
0.0206127 -0.0573508 -0.954529 0.292548 -0.327253 0.294814 0.897769 -0.943195 -0.0442496 -0.329281 -0.0457483 -0.100673 -0.13119 0.0234 -0.0272 
