9.32634 0.0808792 -0.203117 0.975808 -0.981353 0.155043 0.113611 -0.174369 -0.966801 -0.18679 0.0108766 -0.14045 -0.0286802 0.0152 -0.0152 
9.32633 0.080881 0.203117 -0.975808 -0.981353 -0.155041 -0.113613 -0.174367 0.966802 0.18679 0.0108768 -0.14045 -0.0286799 0.0152 -0.0152 
8.78321 -0.0808811 -0.311994 0.946635 0.981353 -0.191077 0.0208718 0.174369 0.930671 0.321631 -0.0141963 0.163769 0.0253741 0.0152 -0.0152 
8.78321 -0.0808791 0.311994 -0.946635 0.981354 0.191075 -0.0208705 0.174367 -0.930672 -0.32163 -0.014196 0.16377 0.0253738 0.0152 -0.0152 
4.73953 -0.0563595 -0.179431 0.982155 -0.179165 -0.965932 -0.186748 0.982203 -0.186493 0.0222918 -0.0365775 -0.00875271 0.155519 0.0248 -0.0048 
4.71635 -0.0563578 0.179431 -0.982155 -0.179163 0.965933 0.186748 0.982204 0.18649 -0.0222904 -0.0365773 -0.00875241 0.155519 0.0048 -0.0248 
4.55878 0.0563576 -0.33568 0.940289 0.179165 0.929898 0.321232 -0.982204 0.150363 0.112549 -0.0191064 0.0467884 -0.148964 0.0048 -0.0248 
4.53569 0.0563597 0.33568 -0.940289 0.179163 -0.929898 -0.321232 -0.982204 -0.15036 -0.11255 -0.019106 0.0467881 -0.148964 0.0248 -0.0048 
3.90202 0.0808792 -0.203117 0.975808 -0.981353 0.155043 0.113611 -0.174369 -0.966801 -0.18679 0.035952 -0.138696 -0.0269214 0.0154 -0.0154 
3.90197 0.080881 0.203117 -0.975808 -0.981353 -0.155041 -0.113613 -0.174367 0.966802 0.18679 0.0359523 -0.138696 -0.0269211 0.0154 -0.0154 
3.78239 -0.0808811 -0.311994 0.946635 0.981353 -0.191077 0.0208718 0.174369 0.930671 0.321631 0.0108792 0.165524 0.0271329 0.0154 -0.0154 
3.78231 -0.0808791 0.311994 -0.946635 0.981354 0.191075 -0.0208705 0.174367 -0.930672 -0.32163 0.0108795 0.165524 0.0271326 0.0154 -0.0154 
2.46284 -0.0563578 0.179431 -0.982155 -0.179163 0.965933 0.186748 0.982204 0.18649 -0.0222904 -0.0616527 -0.0105065 0.15376 0.0044 -0.0158 
2.46284 -0.0563595 -0.179431 0.982155 -0.179165 -0.965932 -0.186748 0.982203 -0.186493 0.0222918 -0.061653 -0.0105068 0.15376 0.0158 -0.0044 
2.43294 0.0563597 0.33568 -0.940289 0.179163 -0.929898 -0.321232 -0.982204 -0.15036 -0.11255 -0.0441815 0.045034 -0.150723 0.0158 -0.0044 
2.43293 0.0563576 -0.33568 0.940289 0.179165 0.929898 0.321232 -0.982204 0.150363 0.112549 -0.0441818 0.0450342 -0.150723 0.0044 -0.0158 
2.36287 -0.0808811 -0.311994 0.946635 0.981353 -0.191077 0.0208718 0.174369 0.930671 0.321631 0.0351458 0.177091 0.0306353 0.0158 -0.0158 
2.36284 -0.0808791 0.311994 -0.946635 0.981354 0.191075 -0.0208705 0.174367 -0.930672 -0.32163 0.0351461 0.177091 0.0306351 0.0158 -0.0158 
2.28803 0.0808792 -0.203117 0.975808 -0.981353 0.155043 0.113611 -0.174369 -0.966801 -0.18679 -0.063541 -0.155526 -0.0357003 0.0142 -0.0142 
2.288 0.080881 0.203117 -0.975808 -0.981353 -0.155041 -0.113613 -0.174367 0.966802 0.18679 -0.0635407 -0.155526 -0.0357 0.0142 -0.0142 
2.23963 0.080881 0.203117 -0.975808 -0.981353 -0.155041 -0.113613 -0.174367 0.966802 0.18679 0.0610278 -0.136942 -0.0251623 0.0158 -0.0158 
2.23959 0.0808792 -0.203117 0.975808 -0.981353 0.155043 0.113611 -0.174369 -0.966801 -0.18679 0.0610275 -0.136942 -0.0251626 0.0158 -0.0158 
2.09658 -0.0808811 -0.311994 0.946635 0.981353 -0.191077 0.0208718 0.174369 0.930671 0.321631 -0.038463 0.152202 0.0218716 0.0178 -0.0178 
1.87147 0.0808792 -0.203117 0.975808 -0.981353 0.155043 0.113611 -0.174369 -0.966801 -0.18679 -0.0133901 -0.152018 -0.0321827 0.0178 -0.0178 
1.46902 -0.0808791 0.311994 -0.946635 0.981354 0.191075 -0.0208705 0.174367 -0.930672 -0.32163 -0.0400802 0.171829 0.0253587 0.0164 -0.0164 
1.09825 -0.0808811 -0.311994 0.946635 0.981353 -0.191077 0.0208718 0.174369 0.930671 0.321631 -0.0635384 0.150448 0.0201128 0.0178 -0.0178 
1.09825 -0.0808791 0.311994 -0.946635 0.981354 0.191075 -0.0208705 0.174367 -0.930672 -0.32163 -0.0635381 0.150448 0.0201125 0.0178 -0.0178 
1.09554 0.080881 0.203117 -0.975808 -0.981353 -0.155041 -0.113613 -0.174367 0.966802 0.18679 -0.0384653 -0.153772 -0.0339412 0.0178 -0.0178 
0.989349 0.0808792 -0.203117 0.975808 -0.981353 0.155043 0.113611 -0.174369 -0.966801 -0.18679 -0.0392744 -0.143958 -0.0321978 0.0178 -0.0178 
0.912376 0.080881 0.203117 -0.975808 -0.981353 -0.155041 -0.113613 -0.174367 0.966802 0.18679 -0.0141986 -0.142204 -0.0304387 0.0178 -0.0178 
0.010574 -0.0808791 0.311994 -0.946635 0.981354 0.191075 -0.0208705 0.174367 -0.930672 -0.32163 -0.0894224 0.158507 0.0200974 0.0144 -0.0144 
0.0105597 -0.0808811 -0.311994 0.946635 0.981353 -0.191077 0.0208718 0.174369 0.930671 0.321631 -0.0894227 0.158507 0.0200977 0.0144 -0.0144 
