7.45518 0.0022042 0.263097 -0.964767 -0.999659 0.0256998 0.00472458 0.0260374 0.964427 0.263064 0.000305638 -0.150146 0.00457158 0.0146 -0.0156 
7.45518 0.00220229 -0.263097 0.964767 -0.999659 -0.0256976 -0.00472595 0.0260356 -0.964427 -0.263064 0.000305333 -0.150147 0.00457129 0.0156 -0.0146 
7.16793 -0.00220419 -0.254528 0.967063 0.999659 0.0246173 0.00875771 -0.0260356 0.966752 0.254387 -0.000377673 0.159748 -0.00349973 0.0146 -0.0156 
7.16793 -0.0022023 0.254528 -0.967063 0.999659 -0.0246196 -0.00875634 -0.0260374 -0.966752 -0.254387 -0.00037737 0.159748 -0.00350002 0.0156 -0.0146 
6.97013 -0.00443653 -0.965345 -0.260941 -0.026047 -0.260744 0.965057 -0.999651 0.0110782 -0.0239876 -0.000734847 -0.00436524 -0.159278 0.0096 -0.0096 
6.96691 -0.00443475 0.965345 0.260941 -0.0260451 0.260744 -0.965057 -0.999651 -0.011076 0.0239862 -0.000734562 -0.00436494 -0.159278 0.0096 -0.0096 
6.80585 -0.00220415 -0.967063 -0.254528 0.999659 -0.00875813 0.0246191 -0.0260374 -0.254387 0.966752 -0.000377665 0.159748 -0.00350003 0.0096 -0.0096 
6.80585 -0.00220235 0.967063 0.254528 0.999659 0.00875591 -0.0246178 -0.0260355 0.254387 -0.966752 -0.000377378 0.159748 -0.00349973 0.0096 -0.0096 
6.73338 0.00220414 0.964767 0.263097 -0.999659 -0.00472415 0.0256981 0.0260355 -0.263064 0.964427 0.000305628 -0.150147 0.00457128 0.0096 -0.0096 
6.73337 0.00220236 -0.964767 -0.263097 -0.999659 0.00472637 -0.0256994 0.0260374 0.263064 -0.964427 0.000305343 -0.150147 0.00457159 0.0096 -0.0096 
6.48195 0.00443654 0.966485 0.256685 0.0260451 -0.256712 0.966137 0.999651 0.00239908 -0.0263111 0.000640488 0.00370904 0.150614 0.0096 -0.0096 
6.48188 0.00443474 -0.966485 -0.256685 0.026047 0.256712 -0.966137 0.999651 -0.0024013 0.0263125 0.000640201 0.00370934 0.150614 0.0096 -0.0096 
5.39515 -0.999988 -0.00485363 0.000979474 -0.00208606 0.233569 -0.972338 0.00449059 -0.972328 -0.233576 -0.160023 -0.000531489 0.00138446 0.0156 -0.0146 
5.39503 -0.999988 0.00485585 -0.000980847 -0.00208792 -0.233569 0.972338 0.00449243 0.972328 0.233576 -0.160023 -0.000531786 0.00138475 0.0146 -0.0156 
4.46182 -0.999988 0.00485585 -0.000980847 -0.00208792 -0.233569 0.972338 0.00449243 0.972328 0.233576 -0.160049 0.0111881 0.0010795 0.0146 -0.0156 
4.45989 -0.999988 -0.00485363 0.000979474 -0.00208606 0.233569 -0.972338 0.00449059 -0.972328 -0.233576 -0.160049 0.0111884 0.00107921 0.0156 -0.0148 
3.54808 0.999988 -0.00371538 -0.0032755 0.00208602 -0.283886 0.958856 -0.00449238 -0.958851 -0.283875 0.159973 0.000136043 -5.28203e-05 0.0156 -0.0146 
3.54804 0.999988 0.00371316 0.00327688 0.00208796 0.283886 -0.958856 -0.00449064 0.958851 0.283875 0.159973 0.000136355 -5.25421e-05 0.0146 -0.0156 
2.54096 0.999988 0.00371316 0.00327688 0.00208796 0.283886 -0.958856 -0.00449064 0.958851 0.283875 0.159947 0.0118563 -0.000357792 0.0146 -0.0156 
2.53835 0.999988 -0.00371538 -0.0032755 0.00208602 -0.283886 0.958856 -0.00449238 -0.958851 -0.283875 0.159947 0.011856 -0.00035807 0.0156 -0.0148 
2.13265 0.00443654 0.966485 0.256685 0.0260451 -0.256712 0.966137 0.999651 0.00239908 -0.0263111 0.00071798 -0.0314507 0.151529 0.0096 -0.0096 
0.62238 0.999988 -0.00371538 -0.0032755 0.00208602 -0.283886 0.958856 -0.00449238 -0.958851 -0.283875 0.160103 -0.0347184 0.0125828 0.016 -0.0018 
0.621983 0.999988 0.00371316 0.00327688 0.00208796 0.283886 -0.958856 -0.00449064 0.958851 0.283875 0.160051 -0.0350234 0.000863208 0.0136 -0.0042 
0.621695 0.999988 -0.00371538 -0.0032755 0.00208602 -0.283886 0.958856 -0.00449238 -0.958851 -0.283875 0.160051 -0.0350237 0.00086293 0.0044 -0.0136 
0.526878 -0.00443659 -0.260941 0.965345 -0.0260452 0.965057 0.260744 -0.999651 -0.0239858 -0.0110778 -0.000805044 0.00709452 -0.16958 0.0066 -0.0102 
0.517379 -0.00443469 0.260941 -0.965345 -0.026047 -0.965057 -0.260744 -0.999651 0.023988 0.0110764 -0.000804739 0.00709423 -0.16958 0.0104 -0.0066 
0.185988 -0.00220235 0.967063 0.254528 0.999659 0.00875591 -0.0246178 -0.0260355 0.254387 -0.966752 -0.000413504 0.200039 0.00717865 0.0096 -0.0092 
0.18526 -0.00220415 -0.967063 -0.254528 0.999659 -0.00875813 0.0246191 -0.0260374 -0.254387 0.966752 -0.000413792 0.200039 0.00717834 0.0094 -0.0096 
0.0818418 -0.999988 0.00485585 -0.000980847 -0.00208792 -0.233569 0.972338 0.00449243 0.972328 0.233576 -0.159894 -0.0353862 0.0140203 0.0016 -0.0162 
0.0798241 -0.999988 0.00485585 -0.000980847 -0.00208792 -0.233569 0.972338 0.00449243 0.972328 0.233576 -0.159946 -0.0356916 0.0023005 0.0136 -0.0042 
0.0798113 -0.999988 -0.00485363 0.000979474 -0.00208606 0.233569 -0.972338 0.00449059 -0.972328 -0.233576 -0.159946 -0.0356913 0.00230021 0.0044 -0.0136 
0.0674054 -0.999988 -0.00485363 0.000979474 -0.00208606 0.233569 -0.972338 0.00449059 -0.972328 -0.233576 -0.159894 -0.0353859 0.01402 0.016 -0.0018 
