10.0759 0.0440952 0.974746 0.21892 0.714342 -0.183956 0.675186 0.698406 0.126611 -0.704414 0.0479238 0.0903861 0.205186 0.0208 -0.0292 
10.0532 -0.0441186 -0.948057 -0.315025 -0.714014 -0.190626 0.673681 -0.69874 0.254654 -0.668516 0.0271164 -0.109528 0.0102324 0.0204 -0.0294 
7.88713 0.0419019 0.256752 -0.965569 0.984548 0.153853 0.0836362 0.170029 -0.954153 -0.246338 0.0310371 0.138511 0.162749 0.0258 -0.0082 
7.88607 0.0419019 0.256752 -0.965569 0.984548 0.153853 0.0836362 0.170029 -0.954153 -0.246338 0.0300819 0.120529 0.149336 0.0158 -0.0182 
7.76966 -0.0418484 -0.278093 0.959642 -0.985361 0.17036 0.00639858 -0.165264 -0.945326 -0.281152 0.0468775 -0.156294 0.101898 0.0154 -0.0184 
7.55146 -0.997545 -0.0605525 0.0351855 -0.000126587 -0.500853 -0.865532 0.0700329 -0.863412 0.499616 -0.0904175 -0.0254609 0.14121 0.0248 -0.0298 
7.12707 0.999012 0.0243275 -0.0371904 -0.0394743 0.101347 -0.994068 -0.020414 0.994554 0.102207 0.208431 -0.0174882 0.115813 0.0244 -0.0088 
7.03007 0.0474703 0.948963 0.311796 -0.699791 -0.191145 0.6883 0.712769 -0.250866 0.655001 0.0501582 -0.1307 0.232407 0.0184 -0.0294 
7.02596 -0.0396972 -0.959758 -0.27801 -0.985001 -0.00916884 0.172302 -0.167917 0.28068 -0.944999 0.0321052 -0.133772 0.0925917 0.0234 -0.0264 
5.9521 0.0419019 0.256752 -0.965569 0.984548 0.153853 0.0836362 0.170029 -0.954153 -0.246338 0.0203069 0.130783 0.151196 0.0158 -0.0164 
5.32924 0.0489414 -0.974524 -0.218881 0.714022 0.187372 -0.674585 0.698411 -0.12327 0.705001 0.0420289 0.0774895 0.233085 0.0202 -0.0288 
5.28699 -0.0418484 -0.278093 0.959642 -0.985361 0.17036 0.00639858 -0.165264 -0.945326 -0.281152 0.0580288 -0.138716 0.115127 0.0258 -0.0062 
5.21012 -0.0418484 -0.278093 0.959642 -0.985361 0.17036 0.00639858 -0.165264 -0.945326 -0.281152 0.0574947 -0.146849 0.103391 0.0154 -0.0164 
5.1801 0.0207998 0.985688 0.167291 -0.047792 -0.166155 0.984941 0.998641 -0.0284817 0.0436521 0.0391154 -0.0260667 0.267501 0.0288 -0.0212 
5.12908 -0.0418484 -0.278093 0.959642 -0.985361 0.17036 0.00639858 -0.165264 -0.945326 -0.281152 0.0573817 -0.145132 0.0933309 0.0054 -0.0264 
4.92512 -0.048918 0.947835 0.314986 -0.71435 0.18721 -0.674282 -0.698077 -0.257995 0.667928 0.0353996 -0.143824 0.0161145 0.0144 -0.0222 
4.84375 -0.048918 0.947835 0.314986 -0.71435 0.18721 -0.674282 -0.698077 -0.257995 0.667928 0.0238591 -0.143843 0.0169031 0.0258 -0.0104 
4.78048 -0.100141 -0.964653 -0.243755 0.993711 -0.0846294 -0.0733263 0.0501056 -0.249565 0.967061 0.0270009 0.123521 0.147323 0.0258 -0.0238 
4.73302 0.100152 0.952223 0.288516 -0.993733 0.110196 -0.0187393 -0.0496373 -0.284831 0.957292 0.0511325 -0.165072 0.132954 0.0288 -0.0208 
4.67265 0.100152 0.952223 0.288516 -0.993733 0.110196 -0.0187393 -0.0496373 -0.284831 0.957292 0.0592959 -0.164222 0.132805 0.0204 -0.0292 
4.67265 0.994486 0.007438 -0.104608 0.103683 -0.219549 0.970076 -0.0157512 -0.975573 -0.21911 0.195877 0.0141302 0.118434 0.0102 -0.0248 
4.67063 0.994486 0.007438 -0.104608 0.103683 -0.219549 0.970076 -0.0157512 -0.975573 -0.21911 0.196068 0.0137381 0.126631 0.0184 -0.0168 
4.66898 0.994486 0.007438 -0.104608 0.103683 -0.219549 0.970076 -0.0157512 -0.975573 -0.21911 0.196258 0.0133459 0.134829 0.0264 -0.0084 
4.59089 0.0445267 -0.965483 -0.256633 0.98481 0.0855773 -0.151083 0.16783 -0.246008 0.954627 0.0446296 0.146952 0.169391 0.0234 -0.0264 
4.43707 -0.0445215 0.959556 0.277975 -0.984889 0.00445757 -0.173131 -0.167368 -0.281482 0.944858 0.0343571 -0.148529 0.119073 0.0232 -0.0264 
4.40662 0.0134793 -0.951326 -0.307891 -0.168568 0.30135 -0.938495 0.985598 0.0645508 -0.156301 0.038794 -0.0475017 0.273883 0.0228 -0.0244 
4.31145 -0.000442551 -0.945762 -0.32486 0.0962921 -0.323391 0.941353 -0.995353 -0.0308649 0.0912125 0.0406736 0.0185708 -0.0294636 0.0272 -0.0224 
4.25541 -0.0474485 -0.973857 -0.222151 0.700125 -0.191051 0.687985 -0.712442 -0.12289 0.690887 0.027415 0.0792045 0.0192767 0.0202 -0.0284 
4.18369 -0.0575384 -0.9627 -0.264381 0.993702 -0.029721 -0.10804 0.0961521 -0.268932 0.958348 0.033008 0.137592 0.147044 0.0272 -0.0224 
4.10412 0.998949 0.04 0.0223585 -0.0420701 0.993953 0.101424 -0.0181664 -0.102258 0.994592 0.198921 -0.0158184 0.139875 0.0248 -0.0038 
3.99771 0.994486 0.007438 -0.104608 0.103683 -0.219549 0.970076 -0.0157512 -0.975573 -0.21911 0.19691 0.00558273 0.126222 0.0188 -0.0168 
3.99217 0.994486 0.007438 -0.104608 0.103683 -0.219549 0.970076 -0.0157512 -0.975573 -0.21911 0.196719 0.0059749 0.118024 0.0108 -0.0252 
3.95734 0.994486 0.007438 -0.104608 0.103683 -0.219549 0.970076 -0.0157512 -0.975573 -0.21911 0.1971 0.00519055 0.134419 0.0272 -0.0088 
3.84056 -0.0601789 0.264212 -0.962585 0.993334 0.110834 -0.0316794 0.0983168 -0.958075 -0.269121 0.0149421 0.136775 0.144208 0.0188 -0.0154 
3.67213 0.997537 0.0628856 -0.0310582 0.003213 -0.483329 -0.875433 -0.0700635 0.873177 -0.482341 0.198305 -0.000500084 0.114686 0.0188 -0.0052 
3.64204 0.000414436 0.977845 0.209329 -0.0958261 -0.208326 0.973354 0.995398 -0.0204625 0.0936168 0.0339672 -0.010648 0.269032 0.0292 -0.0204 
3.63756 0.000414436 0.977845 0.209329 -0.0958261 -0.208326 0.973354 0.995398 -0.0204625 0.0936168 0.0416765 -0.0101851 0.269054 0.0214 -0.0284 
3.59592 0.997537 0.0628856 -0.0310582 0.003213 -0.483329 -0.875433 -0.0700635 0.873177 -0.482341 0.198882 -0.00859678 0.122927 0.0074 -0.0168 
3.59029 0.998049 0.0609132 0.0137241 0.0623716 -0.982872 -0.173416 0.00292573 0.173934 -0.984753 0.198962 -0.0185499 0.102783 0.0074 -0.0202 
3.58591 0.998049 0.0609132 0.0137241 0.0623716 -0.982872 -0.173416 0.00292573 0.173934 -0.984753 0.198036 -0.00320263 0.104264 0.0228 -0.0048 
3.5556 -0.0474485 -0.973857 -0.222151 0.700125 -0.191051 0.687985 -0.712442 -0.12289 0.690887 0.0280319 0.117987 0.0292643 0.0198 -0.0282 
3.51207 0.0522713 -0.948724 -0.311754 -0.700117 0.187797 -0.688889 0.712112 0.254273 -0.654402 0.0531191 -0.142865 0.220248 0.0234 -0.0114 
3.49862 0.0522713 -0.948724 -0.311754 -0.700117 0.187797 -0.688889 0.712112 0.254273 -0.654402 0.0415786 -0.142884 0.221037 0.0118 -0.0228 
3.45273 0.0423169 -0.256551 0.965604 0.985342 -0.149142 -0.0828072 0.165256 0.954955 0.246479 0.0399823 0.159205 0.158219 0.0138 -0.0042 
3.40931 -0.999066 -0.00298624 0.0431169 0.0402876 -0.42556 0.904033 0.0156492 0.904925 0.425283 -0.11984 0.0220539 0.136605 0.0128 -0.0034 
3.40825 -0.013499 0.973861 0.226743 0.168106 0.225746 -0.959572 -0.985676 0.0251636 -0.166759 0.0378289 0.00286071 -0.0217675 0.0214 -0.0262 
3.39162 0.0423169 -0.256551 0.965604 0.985342 -0.149142 -0.0828072 0.165256 0.954955 0.246479 0.0400953 0.157488 0.168279 0.0038 -0.0144 
3.37866 0.0474703 0.948963 0.311796 -0.699791 -0.191145 0.6883 0.712769 -0.250866 0.655001 0.0507751 -0.091917 0.242395 0.0198 -0.0282 
3.35962 -0.999066 -0.00298624 0.0431169 0.0402876 -0.42556 0.904033 0.0156492 0.904925 0.425283 -0.119727 0.0203369 0.146664 0.0028 -0.0134 
3.23169 0.0256551 -0.985577 -0.167271 -0.0477573 0.165927 -0.984981 0.998529 0.0332582 -0.0428116 0.0468055 -0.0457509 0.266381 0.0168 -0.0134 
3.21691 -0.013499 0.973861 0.226743 0.168106 0.225746 -0.959572 -0.985676 0.0251636 -0.166759 0.0373992 -0.00719146 -0.0234784 0.0172 -0.0198 
3.11434 0.100152 0.952223 0.288516 -0.993733 0.110196 -0.0187393 -0.0496373 -0.284831 0.957292 0.0611563 -0.183699 0.123609 0.0118 -0.0218 
3.08451 0.100152 0.952223 0.288516 -0.993733 0.110196 -0.0187393 -0.0496373 -0.284831 0.957292 0.0693196 -0.182849 0.12346 0.0034 -0.03 
3.0731 -0.025607 0.930697 0.364894 0.0472914 0.365733 -0.929518 -0.998553 -0.00654584 -0.0533793 0.0260781 -0.0328563 -0.0328454 0.0268 -0.0038 
3.0519 -0.025607 0.930697 0.364894 0.0472914 0.365733 -0.929518 -0.998553 -0.00654584 -0.0533793 0.0505683 -0.0303058 -0.033293 0.0022 -0.0284 
3.00601 0.0256551 -0.985577 -0.167271 -0.0477573 0.165927 -0.984981 0.998529 0.0332582 -0.0428116 0.0386421 -0.046601 0.26653 0.0084 -0.0218 
2.99202 -0.025607 0.930697 0.364894 0.0472914 0.365733 -0.929518 -0.998553 -0.00654584 -0.0533793 0.0342415 -0.0320062 -0.0329946 0.0184 -0.0118 
2.85671 0.0419019 0.256752 -0.965569 0.984548 0.153853 0.0836362 0.170029 -0.954153 -0.246338 0.0420754 0.157805 0.165918 0.0104 -0.0074 
2.82653 0.0419019 0.256752 -0.965569 0.984548 0.153853 0.0836362 0.170029 -0.954153 -0.246338 0.0216832 0.158615 0.166285 0.0104 -0.0052 
2.76964 0.0134793 -0.951326 -0.307891 -0.168568 0.30135 -0.938495 0.985598 0.0645508 -0.156301 0.0383643 -0.0575538 0.272172 0.0172 -0.0204 
2.70995 0.0134793 -0.951326 -0.307891 -0.168568 0.30135 -0.938495 0.985598 0.0645508 -0.156301 0.0485604 -0.0579585 0.271988 0.0274 -0.0102 
2.63852 -0.102374 -0.243957 0.964367 0.993611 -0.0713682 0.0874238 0.0474975 0.967156 0.249705 0.0371947 0.135071 0.138715 0.0132 -0.0224 
2.62584 -0.102374 -0.243957 0.964367 0.993611 -0.0713682 0.0874238 0.0474975 0.967156 0.249705 0.0370041 0.135463 0.130518 0.0214 -0.0144 
2.61923 -0.102374 -0.243957 0.964367 0.993611 -0.0713682 0.0874238 0.0474975 0.967156 0.249705 0.0368134 0.135856 0.122321 0.0294 -0.0062 
2.61658 -0.025607 0.930697 0.364894 0.0472914 0.365733 -0.929518 -0.998553 -0.00654584 -0.0533793 0.0333997 -0.0238508 -0.0325848 0.0224 -0.0148 
2.32937 -0.0601789 0.264212 -0.962585 0.993334 0.110834 -0.0316794 0.0983168 -0.958075 -0.269121 0.0072328 0.136312 0.144186 0.0188 -0.0142 
2.31559 -0.0601789 0.264212 -0.962585 0.993334 0.110834 -0.0316794 0.0983168 -0.958075 -0.269121 0.00721086 0.137053 0.136498 0.0112 -0.0218 
2.30168 -0.0601789 0.264212 -0.962585 0.993334 0.110834 -0.0316794 0.0983168 -0.958075 -0.269121 0.00718891 0.137794 0.128811 0.0034 -0.0294 
2.26445 0.0134793 -0.951326 -0.307891 -0.168568 0.30135 -0.938495 0.985598 0.0645508 -0.156301 0.0481306 -0.0680107 0.270277 0.0214 -0.0068 
2.22043 0.0134793 -0.951326 -0.307891 -0.168568 0.30135 -0.938495 0.985598 0.0645508 -0.156301 0.0379345 -0.067606 0.270461 0.0112 -0.0172 
2.1827 -0.102374 -0.243957 0.964367 0.993611 -0.0713682 0.0874238 0.0474975 0.967156 0.249705 0.0290314 0.134221 0.138864 0.0132 -0.0228 
2.17654 -0.102374 -0.243957 0.964367 0.993611 -0.0713682 0.0874238 0.0474975 0.967156 0.249705 0.0288407 0.134613 0.130667 0.0214 -0.0144 
2.14451 -0.102374 -0.243957 0.964367 0.993611 -0.0713682 0.0874238 0.0474975 0.967156 0.249705 0.02865 0.135005 0.12247 0.0294 -0.0064 
2.05022 0.0256551 -0.985577 -0.167271 -0.0477573 0.165927 -0.984981 0.998529 0.0332582 -0.0428116 0.054127 -0.0367454 0.266641 0.0278 -0.0088 
2.0132 0.104949 -0.951732 -0.28843 -0.99321 -0.114948 0.0179031 -0.0501935 0.284592 -0.957334 0.0579263 -0.182599 0.0950876 0.0178 -0.0154 
2.00007 0.0466317 -0.218789 0.974657 0.715874 -0.673175 -0.185364 0.69667 0.706376 0.125234 0.0370591 0.0919041 0.232994 0.0074 -0.0204 
1.98931 0.0256551 -0.985577 -0.167271 -0.0477573 0.165927 -0.984981 0.998529 0.0332582 -0.0428116 0.0459636 -0.0375956 0.266791 0.0194 -0.0172 
1.97238 -0.997778 0.0332191 0.0577467 0.000170617 -0.865534 0.500851 0.0666195 0.499748 0.863605 -0.109505 0.00305087 0.155958 0.0074 -0.0204 
1.97237 -0.997778 0.0332191 0.0577467 0.000170617 -0.865534 0.500851 0.0666195 0.499748 0.863605 -0.0901281 0.0111813 0.146353 0.0188 -0.0088 
1.92096 0.0466317 -0.218789 0.974657 0.715874 -0.673175 -0.185364 0.69667 0.706376 0.125234 0.0364822 0.100001 0.224753 0.0188 -0.0088 
1.89666 -0.0597245 -0.264499 0.962535 0.993826 -0.106081 0.0325156 0.0935064 0.958534 0.269202 0.0589406 0.138661 0.152175 0.0032 -0.0278 
1.8959 -0.0597245 -0.264499 0.962535 0.993826 -0.106081 0.0325156 0.0935064 0.958534 0.269202 0.0589186 0.139402 0.144488 0.0108 -0.0202 
1.89559 -0.994534 0.0474423 -0.0930149 -0.103217 -0.31211 0.944422 0.0157746 0.948861 0.315301 -0.112246 -0.0180881 0.126643 0.0214 -0.0138 
1.89093 -0.0597245 -0.264499 0.962535 0.993826 -0.106081 0.0325156 0.0935064 0.958534 0.269202 0.0511655 0.140421 0.12909 0.0292 -0.0048 
1.88923 -0.994534 0.0474423 -0.0930149 -0.103217 -0.31211 0.944422 0.0157746 0.948861 0.315301 -0.112056 -0.0184803 0.13484 0.0132 -0.0222 
1.88622 0.0466317 -0.218789 0.974657 0.715874 -0.673175 -0.185364 0.69667 0.706376 0.125234 0.0484879 0.107162 0.230948 0.0188 -0.0088 
1.88265 0.0466317 -0.218789 0.974657 0.715874 -0.673175 -0.185364 0.69667 0.706376 0.125234 0.0490647 0.0990655 0.239189 0.0074 -0.0204 
1.88137 -0.999032 -0.00179249 -0.0439577 0.0390124 0.42575 -0.904 0.0203354 -0.904839 -0.425268 -0.132351 -0.0354879 0.124531 0.0148 -0.0024 
1.87416 0.0466317 -0.218789 0.974657 0.715874 -0.673175 -0.185364 0.69667 0.706376 0.125234 0.0726109 0.106246 0.244596 0.0054 -0.0168 
1.86475 0.104949 -0.951732 -0.28843 -0.99321 -0.114948 0.0179031 -0.0501935 0.284592 -0.957334 0.0499536 -0.183842 0.103434 0.0098 -0.0238 
1.85367 -0.997778 0.0332191 0.0577467 0.000170617 -0.865534 0.500851 0.0666195 0.499748 0.863605 -0.130573 0.00285251 0.141001 0.0184 -0.0088 
1.85246 -0.997778 0.0332191 0.0577467 0.000170617 -0.865534 0.500851 0.0666195 0.499748 0.863605 -0.129996 -0.00524418 0.149242 0.0068 -0.0202 
1.85137 0.0464049 0.219012 -0.974618 0.71249 0.676591 0.185965 0.700146 -0.703035 -0.124646 0.0436791 0.111661 0.240986 0.0114 -0.0164 
1.83331 0.100152 0.952223 0.288516 -0.993733 0.110196 -0.0187393 -0.0496373 -0.284831 0.957292 0.069129 -0.182457 0.115263 0.0034 -0.03 
1.82309 0.0464049 0.219012 -0.974618 0.71249 0.676591 0.185965 0.700146 -0.703035 -0.124646 0.044256 0.103564 0.249227 0.0232 -0.0048 
1.80958 0.9978 -0.0581135 0.0318978 0.000164313 0.483337 0.875434 -0.066292 -0.873503 0.482283 0.209262 0.00905421 0.128587 0.0104 -0.0158 
1.80306 0.9978 -0.0581135 0.0318978 0.000164313 0.483337 0.875434 -0.066292 -0.873503 0.482283 0.209839 0.000957512 0.136828 0.0218 -0.0042 
1.78625 0.0464049 0.219012 -0.974618 0.71249 0.676591 0.185965 0.700146 -0.703035 -0.124646 0.0322503 0.0964031 0.243032 0.0232 -0.0044 
1.73123 0.0464049 0.219012 -0.974618 0.71249 0.676591 0.185965 0.700146 -0.703035 -0.124646 0.0321386 0.111642 0.241775 0.0114 -0.0162 
1.71331 0.0464049 0.219012 -0.974618 0.71249 0.676591 0.185965 0.700146 -0.703035 -0.124646 0.0547544 0.104539 0.233213 0.0114 -0.0164 
1.71152 0.0464049 0.219012 -0.974618 0.71249 0.676591 0.185965 0.700146 -0.703035 -0.124646 0.021175 0.103525 0.250805 0.0214 -0.0028 
1.70206 0.0464049 0.219012 -0.974618 0.71249 0.676591 0.185965 0.700146 -0.703035 -0.124646 0.0553313 0.0964422 0.241455 0.0232 -0.0048 
1.65839 0.00866956 0.951379 0.307901 -0.167914 -0.302155 0.938353 0.985763 -0.0598361 0.157131 0.0427846 -0.00936443 0.280347 0.0214 -0.0244 
1.5973 -0.994534 0.0474423 -0.0930149 -0.103217 -0.31211 0.944422 0.0157746 0.948861 0.315301 -0.101651 -0.0248156 0.117854 0.0294 -0.0062 
1.58845 0.0466317 -0.218789 0.974657 0.715874 -0.673175 -0.185364 0.69667 0.706376 0.125234 0.0610704 0.106227 0.245385 0.0074 -0.0198 
1.57649 -0.102374 -0.243957 0.964367 0.993611 -0.0713682 0.0874238 0.0474975 0.967156 0.249705 0.0449768 0.136706 0.122171 0.0288 -0.0058 
1.57583 0.0466317 -0.218789 0.974657 0.715874 -0.673175 -0.185364 0.69667 0.706376 0.125234 0.0604936 0.114324 0.237144 0.0188 -0.0084 
1.55843 -0.102374 -0.243957 0.964367 0.993611 -0.0713682 0.0874238 0.0474975 0.967156 0.249705 0.0451675 0.136314 0.130369 0.0208 -0.0142 
1.54704 -0.102374 -0.243957 0.964367 0.993611 -0.0713682 0.0874238 0.0474975 0.967156 0.249705 0.0453581 0.135921 0.138566 0.0124 -0.0224 
1.43832 -0.998339 0.0546181 0.0183592 -0.0575686 -0.93183 -0.358301 -0.00246209 -0.358762 0.933426 -0.131653 -0.0180499 0.132516 0.0284 -0.0252 
1.36744 -0.00864981 -0.973914 -0.226752 0.168376 -0.224942 0.959714 -0.985685 -0.0298784 0.16593 0.0371073 0.041185 -0.015218 0.0214 -0.0244 
1.26045 0.0466317 -0.218789 0.974657 0.715874 -0.673175 -0.185364 0.69667 0.706376 0.125234 0.0720341 0.114343 0.236355 0.0172 -0.0054 
1.25267 0.0597108 0.269974 -0.961014 -0.993362 -0.0787526 -0.0838443 -0.0983182 0.959642 0.26348 0.0175256 -0.162882 0.123237 0.0022 -0.0278 
1.2481 0.0597108 0.269974 -0.961014 -0.993362 -0.0787526 -0.0838443 -0.0983182 0.959642 0.26348 0.0174817 -0.161401 0.107862 0.0174 -0.0124 
1.23576 0.9942 0.107405 0.005478 0.105978 -0.969782 -0.219753 -0.0182901 0.219059 -0.97554 0.188397 -0.0138132 0.100128 0.0068 -0.0214 
1.203 -0.0441186 -0.948057 -0.315025 -0.714014 -0.190626 0.673681 -0.69874 0.254654 -0.668516 0.0272281 -0.124767 0.0114894 0.0198 -0.0284 
1.20022 0.0597108 0.269974 -0.961014 -0.993362 -0.0787526 -0.0838443 -0.0983182 0.959642 0.26348 0.0174597 -0.16066 0.100174 0.0254 -0.0044 
1.16627 0.9978 -0.0581135 0.0318978 0.000164313 0.483337 0.875434 -0.066292 -0.873503 0.482283 0.208724 0.00079293 0.120508 0.0102 -0.0158 
1.101 -0.994534 0.0474423 -0.0930149 -0.103217 -0.31211 0.944422 0.0157746 0.948861 0.315301 -0.121158 -0.0276712 0.134613 0.0128 -0.0228 
1.07639 -0.994534 0.0474423 -0.0930149 -0.103217 -0.31211 0.944422 0.0157746 0.948861 0.315301 -0.121349 -0.0272791 0.126415 0.0212 -0.0144 
1.07331 0.9978 -0.0581135 0.0318978 0.000164313 0.483337 0.875434 -0.066292 -0.873503 0.482283 0.209301 -0.00730377 0.128749 0.0214 -0.0042 
1.06483 0.0601927 -0.269688 0.961065 -0.993798 0.074 0.0830081 -0.093505 -0.9601 -0.263561 0.0768979 -0.15856 0.115573 0.0192 -0.0118 
0.97972 -0.102728 0.243467 -0.964454 0.993332 0.0761203 -0.0865877 0.0523333 -0.966918 -0.249663 0.0086842 0.132231 0.136659 0.0192 -0.0164 
0.974717 -0.102728 0.243467 -0.964454 0.993332 0.0761203 -0.0865877 0.0523333 -0.966918 -0.249663 0.000330134 0.131774 0.128611 0.0112 -0.0228 
0.818914 0.104949 -0.951732 -0.28843 -0.99321 -0.114948 0.0179031 -0.0501935 0.284592 -0.957334 0.0487374 -0.173515 0.0957359 0.0144 -0.0288 
0.724876 0.104949 -0.951732 -0.28843 -0.99321 -0.114948 0.0179031 -0.0501935 0.284592 -0.957334 0.0570915 -0.173057 0.103784 0.0232 -0.0208 
0.601218 0.999012 0.0243275 -0.0371904 -0.0394743 0.101347 -0.994068 -0.020414 0.994554 0.102207 0.197151 -0.0472482 0.11086 0.0094 -0.0078 
0.492202 0.00526789 -0.977832 -0.209326 -0.0960023 0.207868 -0.973434 0.995367 0.0252237 -0.092779 0.0355316 -0.0390827 0.266287 0.0182 -0.0264 
0.479587 0.00526789 -0.977832 -0.209326 -0.0960023 0.207868 -0.973434 0.995367 0.0252237 -0.092779 0.0432408 -0.0386197 0.26631 0.0258 -0.0188 
0.328053 -0.997559 -0.0379912 -0.0585863 -0.00354793 0.865526 -0.500852 0.069736 -0.499422 -0.863548 -0.130063 -0.0117874 0.148099 0.0202 -0.0042 
0.236753 -0.999066 -0.00298624 0.0431169 0.0402876 -0.42556 0.904033 0.0156492 0.904925 0.425283 -0.11941 0.0321061 0.138316 0.0068 -0.0024 
0.170433 0.0232421 0.167337 -0.985626 -0.0502002 0.984844 0.16602 0.998469 0.04562 0.0312902 0.0187558 -0.0206483 0.268234 0.0272 -0.0228 
0.101234 -0.10496 0.964162 0.243669 0.993233 0.0893815 0.0741625 0.0497252 0.249804 -0.967019 0.0276856 0.135482 0.111009 0.0184 -0.0288 
0.100494 -0.10496 0.964162 0.243669 0.993233 0.0893815 0.0741625 0.0497252 0.249804 -0.967019 0.0195222 0.134632 0.111158 0.0268 -0.0204 
0.0725066 0.0419019 0.256752 -0.965569 0.984548 0.153853 0.0836362 0.170029 -0.954153 -0.246338 0.0101108 0.131188 0.15138 0.0158 -0.0094 
0.00793317 0.9942 0.107405 0.005478 0.105978 -0.969782 -0.219753 -0.0182901 0.219059 -0.97554 0.187746 -0.00605009 0.108735 0.0158 -0.0134 
