8.88004 0.989741 0.124827 0.0695018 -0.138556 0.957274 0.253827 -0.0348478 -0.260853 0.964749 0.163354 -0.0367006 -0.0389276 0.0278 -0.0128 
8.11898 0.0348244 -0.390002 0.920155 -0.00258045 -0.920746 -0.390155 0.99939 0.0112125 -0.0330708 0.0110783 -0.0149823 0.141218 0.0138 -0.0288 
7.5289 0.989741 -0.124829 -0.0695004 -0.138558 -0.957274 -0.253827 -0.0348459 0.260853 -0.964749 0.153456 -0.0353153 -0.0385788 0.0144 -0.0278 
6.46497 0.989741 -0.124829 -0.0695004 -0.138558 -0.957274 -0.253827 -0.0348459 0.260853 -0.964749 0.164562 -0.0367903 -0.00427176 0.0128 -0.0288 
6.46489 0.74216 -0.189765 0.642797 0.0453615 0.971102 0.234314 -0.668686 -0.14474 0.729321 0.121552 -0.000557324 -0.134209 0.0212 -0.0198 
6.43597 -0.742161 -0.157053 0.651561 -0.0453615 -0.958158 -0.282624 0.668685 -0.239308 0.703983 -0.108518 -0.0146194 0.0730838 0.0198 -0.0212 
6.34637 0.670008 -0.175728 0.721255 -0.0250081 -0.97637 -0.214654 0.741933 0.125782 -0.65857 0.0966073 -0.0113163 0.0766516 0.0198 -0.0194 
6.34635 0.670009 0.175727 -0.721254 -0.0250062 0.97637 0.214654 0.741931 -0.125784 0.658571 0.0966075 -0.011316 0.0766514 0.0194 -0.0198 
6.32375 -0.74216 0.157054 -0.651562 -0.0453597 0.958158 0.282624 0.668686 0.239307 -0.703982 -0.123361 -0.0155263 0.0864577 0.0214 -0.0192 
6.28452 0.742161 0.189764 -0.642796 0.0453597 -0.971102 -0.234314 -0.668685 0.144741 -0.729322 0.106709 -0.00146483 -0.120835 0.0192 -0.0214 
6.20249 -0.670009 -0.208438 0.712489 0.025008 0.95289 0.302284 -0.741931 0.220351 -0.633232 -0.116731 -0.00456783 -0.134814 0.0214 -0.0192 
6.20246 -0.670008 0.208439 -0.71249 0.0250063 -0.95289 -0.302284 -0.741933 -0.220349 0.633231 -0.11673 -0.0045681 -0.134814 0.0192 -0.0214 
6.12733 -0.670008 0.208439 -0.71249 0.0250063 -0.95289 -0.302284 -0.741933 -0.220349 0.633231 -0.0976949 -0.00406423 -0.138509 0.0198 -0.0214 
6.1273 -0.670009 -0.208438 0.712489 0.025008 0.95289 0.302284 -0.741931 0.220351 -0.633232 -0.0976952 -0.00406396 -0.138509 0.0214 -0.0198 
5.89059 0.670008 -0.175728 0.721255 -0.0250081 -0.97637 -0.214654 0.741933 0.125782 -0.65857 0.090972 -0.0123203 0.0951851 0.0192 -0.0214 
5.70937 -0.0348246 0.12232 -0.99188 0.00257868 -0.992467 -0.122483 -0.99939 -0.00682315 0.0342469 0.000630993 -0.0142084 -0.158599 0.0134 -0.0288 
5.61244 0.0348265 0.390002 -0.920155 -0.00257894 0.920746 0.390155 0.99939 -0.0112147 0.0330721 0.0114269 -0.0150078 0.151212 0.0288 -0.0134 
5.43 -0.0348263 -0.12232 0.99188 0.00258071 0.992467 0.122483 -0.99939 0.00682537 -0.0342483 -0.000762286 -0.0141049 -0.198574 0.0274 -0.0138 
5.10602 0.742161 0.189764 -0.642796 0.0453597 -0.971102 -0.234314 -0.668685 0.144741 -0.729322 0.14011 -0.000519654 -0.128564 0.0198 -0.0208 
5.04743 0.989741 0.124827 0.0695018 -0.138556 0.957274 0.253827 -0.0348478 -0.260853 0.964749 0.17505 -0.0208704 -0.0566432 0.0102 -0.0288 
5.04719 0.989741 -0.124829 -0.0695004 -0.138558 -0.957274 -0.253827 -0.0348459 0.260853 -0.964749 0.17505 -0.0208707 -0.0566429 0.0288 -0.0102 
5.04554 0.989741 0.124827 0.0695018 -0.138556 0.957274 0.253827 -0.0348478 -0.260853 0.964749 0.172648 -0.0380414 -0.0566038 0.0274 -0.0114 
5.04492 0.989741 -0.124829 -0.0695004 -0.138558 -0.957274 -0.253827 -0.0348459 0.260853 -0.964749 0.172647 -0.0380417 -0.0566035 0.0114 -0.0274 
4.90659 0.742161 0.189764 -0.642796 0.0453597 -0.971102 -0.234314 -0.668685 0.144741 -0.729322 0.102994 -0.000595582 -0.139853 0.0198 -0.0192 
4.70178 -0.989741 0.142856 0.00222275 0.138558 0.955939 0.258811 0.0348478 0.256464 -0.965926 -0.14407 0.00629693 -0.0454525 0.0274 -0.0132 
4.6232 0.989741 0.124827 0.0695018 -0.138556 0.957274 0.253827 -0.0348478 -0.260853 0.964749 0.15406 -0.0353597 -0.0212513 0.0284 -0.0144 
4.62316 0.989741 -0.124829 -0.0695004 -0.138558 -0.957274 -0.253827 -0.0348459 0.260853 -0.964749 0.15406 -0.03536 -0.021251 0.0144 -0.0284 
3.75836 -0.742161 -0.157053 0.651561 -0.0453615 -0.958158 -0.282624 0.668685 -0.239308 0.703983 -0.145633 -0.0146953 0.0617943 0.0194 -0.0112 
3.65451 -0.74216 0.157054 -0.651562 -0.0453597 0.958158 0.282624 0.668686 0.239307 -0.703982 -0.104803 -0.0154884 0.0921025 0.0222 -0.0188 
3.65445 -0.742161 -0.157053 0.651561 -0.0453615 -0.958158 -0.282624 0.668685 -0.239308 0.703983 -0.104803 -0.0154886 0.0921022 0.0188 -0.0222 
3.6237 0.74216 -0.189765 0.642797 0.0453615 0.971102 0.234314 -0.668686 -0.14474 0.729321 0.0844362 -0.000633253 -0.145498 0.0112 -0.0198 
3.47891 0.670008 -0.175728 0.721255 -0.0250081 -0.97637 -0.214654 0.741933 0.125782 -0.65857 0.0968887 -0.0279149 0.075838 0.0034 -0.0278 
3.4496 0.989741 -0.124829 -0.0695004 -0.138558 -0.957274 -0.253827 -0.0348459 0.260853 -0.964749 0.176258 -0.0209601 -0.0219874 0.0288 -0.0074 
3.43967 0.74216 -0.189765 0.642797 0.0453615 0.971102 0.234314 -0.668686 -0.14474 0.729321 0.147531 -6.57541e-05 -0.135251 0.0138 -0.0204 
3.35569 0.989741 0.124827 0.0695018 -0.138556 0.957274 0.253827 -0.0348478 -0.260853 0.964749 0.176258 -0.0209598 -0.0219877 0.0074 -0.0288 
2.87119 -0.989741 -0.142854 -0.00222411 0.138556 -0.955939 -0.25881 0.0348459 -0.256464 0.965926 -0.162657 0.00897834 -0.0101004 0.0158 -0.0268 
2.87116 -0.989741 0.142856 0.00222275 0.138558 0.955939 0.258811 0.0348478 0.256464 -0.965926 -0.162657 0.00897862 -0.0101 0.0268 -0.0158 
2.79504 -0.138564 -0.947004 -0.2898 -0.990351 0.13317 0.038352 0.00227307 0.292318 -0.956319 -0.0113973 -0.136054 -0.0157453 0.0134 -0.0168 
2.58141 -0.670009 -0.208438 0.712489 0.025008 0.95289 0.302284 -0.741931 0.220351 -0.633232 -0.115666 -0.0058219 -0.108861 0.0228 -0.0178 
2.4294 -0.670008 0.208439 -0.71249 0.0250063 -0.95289 -0.302284 -0.741933 -0.220349 0.633231 -0.0730242 -0.00255636 -0.160737 0.0208 -0.0142 
2.25748 0.742161 0.189764 -0.642796 0.0453597 -0.971102 -0.234314 -0.668685 0.144741 -0.729322 0.158667 -0.000481689 -0.122919 0.0198 -0.0112 
2.25747 0.74216 -0.189765 0.642797 0.0453615 0.971102 0.234314 -0.668686 -0.14474 0.729321 0.158667 -0.000481396 -0.122919 0.0112 -0.0198 
2.25738 0.742161 0.189764 -0.642796 0.0453597 -0.971102 -0.234314 -0.668685 0.144741 -0.729322 0.158949 -0.0170803 -0.123733 0.0032 -0.0278 
2.25737 0.74216 -0.189765 0.642797 0.0453615 0.971102 0.234314 -0.668686 -0.14474 0.729321 0.158949 -0.01708 -0.123733 0.0278 -0.0032 
2.18546 0.670009 0.175727 -0.721254 -0.0250062 0.97637 0.214654 0.741931 -0.125784 0.658571 0.092037 -0.0135741 0.121138 0.0228 -0.0178 
2.18544 0.670008 -0.175728 0.721255 -0.0250081 -0.97637 -0.214654 0.741933 0.125782 -0.65857 0.0920368 -0.0135744 0.121138 0.0178 -0.0228 
2.17846 0.670008 -0.175728 0.721255 -0.0250081 -0.97637 -0.214654 0.741933 0.125782 -0.65857 0.148078 -0.0108087 0.0841006 0.0202 -0.0108 
2.17839 0.670009 0.175727 -0.721254 -0.0250062 0.97637 0.214654 0.741931 -0.125784 0.658571 0.148079 -0.0108084 0.0841004 0.0108 -0.0202 
2.17831 0.670008 -0.175728 0.721255 -0.0250081 -0.97637 -0.214654 0.741933 0.125782 -0.65857 0.14836 -0.0274073 0.0832869 0.0034 -0.0274 
2.17826 0.670009 0.175727 -0.721254 -0.0250062 0.97637 0.214654 0.741931 -0.125784 0.658571 0.14836 -0.027407 0.0832867 0.0274 -0.0034 
2.05527 -0.670009 -0.208438 0.712489 0.025008 0.95289 0.302284 -0.741931 0.220351 -0.633232 -0.0596242 -0.00305623 -0.145898 0.0108 -0.0204 
2.05495 -0.670009 -0.208438 0.712489 0.025008 0.95289 0.302284 -0.741931 0.220351 -0.633232 -0.0593428 -0.0196548 -0.146712 0.0274 -0.0038 
2.05487 -0.670008 0.208439 -0.71249 0.0250063 -0.95289 -0.302284 -0.741933 -0.220349 0.633231 -0.0593426 -0.0196551 -0.146712 0.0038 -0.0274 
2.00354 -0.74216 0.157054 -0.651562 -0.0453597 0.958158 0.282624 0.668686 0.239307 -0.703982 -0.0714022 -0.0145432 0.0843735 0.0112 -0.0198 
2.00349 -0.742161 -0.157053 0.651561 -0.0453615 -0.958158 -0.282624 0.668685 -0.239308 0.703983 -0.0714024 -0.0145435 0.0843732 0.0198 -0.0112 
2.0034 -0.74216 0.157054 -0.651562 -0.0453597 0.958158 0.282624 0.668686 0.239307 -0.703982 -0.0711208 -0.0311418 0.0835599 0.0278 -0.0032 
2.00336 -0.742161 -0.157053 0.651561 -0.0453615 -0.958158 -0.282624 0.668685 -0.239308 0.703983 -0.071121 -0.0311421 0.0835596 0.0032 -0.0278 
1.90509 -0.670008 0.208439 -0.71249 0.0250063 -0.95289 -0.302284 -0.741933 -0.220349 0.633231 -0.0920596 -0.00306023 -0.157042 0.0208 -0.0192 
1.90503 -0.670009 -0.208438 0.712489 0.025008 0.95289 0.302284 -0.741931 0.220351 -0.633232 -0.0920599 -0.00305995 -0.157042 0.0192 -0.0208 
1.78339 0.670009 0.175727 -0.721254 -0.0250062 0.97637 0.214654 0.741931 -0.125784 0.658571 0.0722182 -0.0294225 0.0980662 0.0288 -0.0018 
1.54057 0.742161 0.189764 -0.642796 0.0453597 -0.971102 -0.234314 -0.668685 0.144741 -0.729322 0.0921395 -0.0167786 -0.152999 0.0034 -0.0278 
1.54054 0.74216 -0.189765 0.642797 0.0453615 0.971102 0.234314 -0.668686 -0.14474 0.729321 0.0921393 -0.0167783 -0.152999 0.0278 -0.0034 
1.5386 0.742161 0.189764 -0.642796 0.0453597 -0.971102 -0.234314 -0.668685 0.144741 -0.729322 0.091858 -0.00017994 -0.152185 0.0202 -0.0112 
1.50134 0.670008 -0.175728 0.721255 -0.0250081 -0.97637 -0.214654 0.741933 0.125782 -0.65857 0.135743 -0.0115627 0.0952147 0.0198 -0.0154 
1.50103 -0.670008 0.208439 -0.71249 0.0250063 -0.95289 -0.302284 -0.741933 -0.220349 0.633231 -0.129066 -0.00532203 -0.1237 0.0184 -0.0124 
1.50038 -0.670008 0.208439 -0.71249 0.0250063 -0.95289 -0.302284 -0.741933 -0.220349 0.633231 -0.128784 -0.0219206 -0.124513 0.0018 -0.0292 
1.50036 -0.670009 -0.208438 0.712489 0.025008 0.95289 0.302284 -0.741931 0.220351 -0.633232 -0.128785 -0.0219204 -0.124513 0.0292 -0.0018 
1.49895 -0.670008 0.208439 -0.71249 0.0250063 -0.95289 -0.302284 -0.741933 -0.220349 0.633231 -0.124214 -0.0196626 -0.169 0.0038 -0.0274 
1.41591 0.670008 -0.175728 0.721255 -0.0250081 -0.97637 -0.214654 0.741933 0.125782 -0.65857 0.078918 -0.0296729 0.105486 0.0018 -0.0292 
1.41283 -0.989741 -0.142854 -0.00222411 0.138556 -0.955939 -0.25881 0.0348459 -0.256464 0.965926 -0.163865 0.0090678 -0.0447558 0.0158 -0.0254 
1.40516 0.670009 0.175727 -0.721254 -0.0250062 0.97637 0.214654 0.741931 -0.125784 0.658571 0.108943 -0.0105621 0.0655373 0.0188 -0.0208 
1.3829 0.742161 0.189764 -0.642796 0.0453597 -0.971102 -0.234314 -0.668685 0.144741 -0.729322 0.155234 -0.0162111 -0.142751 0.0038 -0.0272 
1.33192 0.670009 0.175727 -0.721254 -0.0250062 0.97637 0.214654 0.741931 -0.125784 0.658571 0.130389 -0.029165 0.112934 0.0288 -0.0024 
1.23656 0.670008 -0.175728 0.721255 -0.0250081 -0.97637 -0.214654 0.741933 0.125782 -0.65857 0.142725 -0.0284114 0.10182 0.0028 -0.0284 
1.23449 -0.74216 0.157054 -0.651562 -0.0453597 0.958158 0.282624 0.668686 0.239307 -0.703982 -0.112232 -0.0137499 0.0540656 0.0188 -0.0208 
1.23446 -0.742161 -0.157053 0.651561 -0.0453615 -0.958158 -0.282624 0.668685 -0.239308 0.703983 -0.112232 -0.0137502 0.0540653 0.0208 -0.0188 
1.16836 -0.670009 -0.208438 0.712489 0.025008 0.95289 0.302284 -0.741931 0.220351 -0.633232 -0.129849 -0.0206663 -0.150466 0.0284 -0.0028 
1.10745 -0.74216 0.157054 -0.651562 -0.0453597 0.958158 0.282624 0.668686 0.239307 -0.703982 -0.141637 -0.0321629 0.0799994 0.0288 -0.0022 
1.10742 -0.742161 -0.157053 0.651561 -0.0453615 -0.958158 -0.282624 0.668685 -0.239308 0.703983 -0.141637 -0.0321632 0.0799991 0.0022 -0.0288 
1.06495 -0.0348265 -0.99188 -0.12232 0.00257888 -0.122483 0.992467 -0.99939 0.0342487 0.00682357 0.00303314 0.00296266 -0.158638 0.0288 -0.0284 
1.06494 -0.0348244 0.99188 0.12232 0.00258051 0.122483 -0.992467 -0.99939 -0.0342465 -0.00682495 0.00303347 0.00296292 -0.158638 0.0284 -0.0288 
1.02922 0.989741 0.124827 0.0695018 -0.138556 0.957274 0.253827 -0.0348478 -0.260853 0.964749 0.154664 -0.0354044 -0.0039236 0.0284 -0.0144 
1.02665 -0.138562 0.947004 0.2898 -0.990351 -0.133167 -0.0383533 0.00227111 -0.292318 0.956319 -0.0126047 -0.135965 -0.0504011 0.0182 -0.0118 
1.0263 -0.138564 -0.947004 -0.2898 -0.990351 0.13317 0.038352 0.00227307 0.292318 -0.956319 -0.012605 -0.135965 -0.0504008 0.0118 -0.0182 
1.01242 -0.989741 0.142856 0.00222275 0.138558 0.955939 0.258811 0.0348478 0.256464 -0.965926 -0.162053 0.0089339 0.0072277 0.0268 -0.0154 
1.01226 -0.989741 -0.142854 -0.00222411 0.138556 -0.955939 -0.25881 0.0348459 -0.256464 0.965926 -0.162053 0.00893361 0.0072274 0.0154 -0.0268 
0.916013 0.138562 -0.965031 -0.222522 0.990351 0.134503 0.0333697 -0.00227301 -0.224999 0.974356 0.0327647 0.170865 0.0182055 0.0154 -0.0064 
0.91597 0.138564 0.965031 0.222522 0.990351 -0.134505 -0.0333684 -0.00227117 0.224999 -0.974356 0.032765 0.170865 0.0182058 0.0064 -0.0154 
0.876813 -0.138564 -0.947004 -0.2898 -0.990351 0.13317 0.038352 0.00227307 0.292318 -0.956319 -0.0101897 -0.136144 0.0189102 0.0154 -0.0064 
0.876812 -0.138562 0.947004 0.2898 -0.990351 -0.133167 -0.0383533 0.00227111 -0.292318 0.956319 -0.0101894 -0.136144 0.0189099 0.0064 -0.0154 
0.84673 0.74216 -0.189765 0.642797 0.0453615 0.971102 0.234314 -0.668686 -0.14474 0.729321 0.0884322 -0.0181011 -0.127293 0.0288 -0.0024 
0.844581 -0.989741 -0.142854 -0.00222411 0.138556 -0.955939 -0.25881 0.0348459 -0.256464 0.965926 -0.163261 0.00902307 -0.0274281 0.0158 -0.0254 
0.844535 -0.989741 0.142856 0.00222275 0.138558 0.955939 0.258811 0.0348478 0.256464 -0.965926 -0.163261 0.00902335 -0.0274278 0.0254 -0.0158 
0.676991 -0.74216 0.157054 -0.651562 -0.0453597 0.958158 0.282624 0.668686 0.239307 -0.703982 -0.160476 -0.0156023 0.0751682 0.0052 -0.0104 
0.612515 0.74216 -0.189765 0.642797 0.0453615 0.971102 0.234314 -0.668686 -0.14474 0.729321 0.0881508 -0.0015025 -0.12648 0.0122 -0.0188 
0.60178 0.670009 0.175727 -0.721254 -0.0250062 0.97637 0.214654 0.741931 -0.125784 0.658571 0.117773 -0.0133203 0.124862 0.0232 -0.0182 
0.533575 -0.670009 -0.208438 0.712489 0.025008 0.95289 0.302284 -0.741931 0.220351 -0.633232 -0.104114 -0.0204125 -0.146742 0.0284 -0.0034 
0.337302 -0.670008 0.208439 -0.71249 0.0250063 -0.95289 -0.302284 -0.741933 -0.220349 0.633231 -0.116449 -0.0211667 -0.135628 0.0024 -0.0288 
0.212388 0.670009 0.175727 -0.721254 -0.0250062 0.97637 0.214654 0.741931 -0.125784 0.658571 0.0984557 0.00277444 0.129371 0.0068 -0.0274 
0.212306 0.670009 0.175727 -0.721254 -0.0250062 0.97637 0.214654 0.741931 -0.125784 0.658571 0.0912537 -0.0289186 0.0943713 0.0292 -0.0024 
0.212298 0.670008 -0.175728 0.721255 -0.0250081 -0.97637 -0.214654 0.741933 0.125782 -0.65857 0.0912534 -0.0289189 0.0943715 0.0024 -0.0292 
