8.99717 0.0645661 -0.186121 0.980403 -0.949965 0.289413 0.117504 -0.305611 -0.938935 -0.158123 0.0086606 -0.134465 -0.0473676 0.0146 -0.0152 
8.96511 0.0645679 0.186121 -0.980403 -0.949965 -0.289411 -0.117506 -0.305609 0.938936 0.158122 0.00866086 -0.134465 -0.0473673 0.0146 -0.0152 
7.74749 -0.064568 -0.32901 0.942117 0.949965 -0.309392 -0.0429411 0.305611 0.892205 0.332524 -0.00877252 0.122025 0.0351474 0.015 -0.0152 
7.73204 -0.064566 0.32901 -0.942117 0.949965 0.309389 0.0429424 0.305609 -0.892206 -0.332524 -0.00877222 0.122025 0.0351472 0.0146 -0.0152 
5.03423 0.0739654 0.319933 -0.944549 0.309962 -0.907607 -0.283148 -0.947868 -0.271831 -0.166298 0.0091307 0.0683507 -0.139258 0.01 -0.0048 
4.66306 -0.0739636 0.195199 -0.977971 -0.309962 0.927586 0.208584 0.947868 0.318561 -0.00810348 -0.0115794 -0.0184386 0.126145 0.0042 -0.0102 
4.5955 0.0739634 -0.319933 0.944549 0.309963 0.907607 0.283148 -0.947867 0.271833 0.166297 0.00987005 0.0714505 -0.148736 0.0042 -0.0102 
4.31189 -0.0739653 -0.195199 0.977971 -0.309963 -0.927586 -0.208585 0.947867 -0.318563 0.00810478 -0.0145382 -0.0308373 0.16406 0.0092 -0.0046 
3.10766 -0.064566 0.32901 -0.942117 0.949965 0.309389 0.0429424 0.305609 -0.892206 -0.332524 0.0401009 0.123921 0.0395807 0.0156 -0.0158 
3.1058 0.0645679 0.186121 -0.980403 -0.949965 -0.289411 -0.117506 -0.305609 0.938936 0.158122 0.0330974 -0.133518 -0.0451506 0.0152 -0.0158 
3.0763 0.0645679 0.186121 -0.980403 -0.949965 -0.289411 -0.117506 -0.305609 0.938936 0.158122 0.0568883 -0.12307 -0.0398777 0.0156 -0.0158 
2.9977 -0.064566 0.32901 -0.942117 0.949965 0.309389 0.0429424 0.305609 -0.892206 -0.332524 0.0137273 0.151472 0.0465322 0.0152 -0.0156 
2.93012 0.0645661 -0.186121 0.980403 -0.949965 0.289413 0.117504 -0.305611 -0.938935 -0.158123 0.0330972 -0.133517 -0.0451508 0.0152 -0.0158 
2.8567 0.0739634 -0.319933 0.944549 0.309963 0.907607 0.283148 -0.947867 0.271833 0.166297 -0.0138269 0.0736024 -0.160432 0.0042 -0.0198 
2.52006 -0.064568 -0.32901 0.942117 0.949965 -0.309392 -0.0429411 0.305611 0.892205 0.332524 0.0130814 0.160972 0.0495886 0.0152 -0.0158 
2.26694 0.0739654 0.319933 -0.944549 0.309962 -0.907607 -0.283148 -0.947868 -0.271831 -0.166298 -0.0138266 0.0736022 -0.160432 0.0196 -0.0048 
1.69851 -0.064568 -0.32901 0.942117 0.949965 -0.309392 -0.0429411 0.305611 0.892205 0.332524 0.0401006 0.123921 0.0395809 0.0156 -0.0158 
1.53651 0.0645661 -0.186121 0.980403 -0.949965 0.289413 0.117504 -0.305611 -0.938935 -0.158123 0.0568881 -0.12307 -0.039878 0.0156 -0.0162 
1.32224 -0.064566 0.32901 -0.942117 0.949965 0.309389 0.0429424 0.305609 -0.892206 -0.332524 -0.0576453 0.12013 0.0307136 0.022 -0.0222 
1.31326 0.0645679 0.186121 -0.980403 -0.949965 -0.289411 -0.117506 -0.305609 0.938936 0.158122 -0.0408579 -0.126861 -0.0487448 0.0216 -0.0222 
1.21711 -0.064568 -0.32901 0.942117 0.949965 -0.309392 -0.0429411 0.305611 0.892205 0.332524 -0.0582913 0.129629 0.0337699 0.022 -0.0222 
1.20767 0.0645661 -0.186121 0.980403 -0.949965 0.289413 0.117504 -0.305611 -0.938935 -0.158123 -0.0408582 -0.126861 -0.048745 0.0216 -0.0222 
1.10521 0.0645661 -0.186121 0.980403 -0.949965 0.289413 0.117504 -0.305611 -0.938935 -0.158123 -0.0640034 -0.146808 -0.057074 0.011 -0.0112 
0.701993 0.0645679 0.186121 -0.980403 -0.949965 -0.289411 -0.117506 -0.305609 0.938936 0.158122 -0.0640032 -0.146808 -0.0570737 0.011 -0.0112 
0.572333 0.0645679 0.186121 -0.980403 -0.949965 -0.289411 -0.117506 -0.305609 0.938936 0.158122 -0.0157757 -0.135413 -0.0495841 0.022 -0.0226 
0.572063 -0.064566 0.32901 -0.942117 0.949965 0.309389 0.0429424 0.305609 -0.892206 -0.332524 -0.0357915 0.159076 0.0451548 0.022 -0.0226 
0.558141 -0.064568 -0.32901 0.942117 0.949965 -0.309392 -0.0429411 0.305611 0.892205 0.332524 -0.0357918 0.159076 0.045155 0.022 -0.0226 
0.557108 0.0645661 -0.186121 0.980403 -0.949965 0.289413 0.117504 -0.305611 -0.938935 -0.158123 -0.015776 -0.135413 -0.0495844 0.022 -0.0226 
