0.543895 0.3032 -0.138754 0.942771 0.500238 0.865238 -0.0335361 -0.811068 0.481778 0.33175 0.0506663 0.0949095 -0.149026 0.0162 -0.0182 
0.431414 -0.0385057 0.320173 -0.946576 0.567353 -0.77278 -0.284467 -0.822574 -0.547997 -0.151895 0.0298546 0.113712 -0.153287 0.0224 -0.0092 
0.328733 -0.3032 0.351216 -0.885843 -0.500236 0.732554 0.461658 0.811069 0.583105 -0.0464191 -0.0258373 -0.0881937 0.140973 0.0232 -0.0244 
0.249342 -0.0385057 0.320173 -0.946576 0.567353 -0.77278 -0.284467 -0.822574 -0.547997 -0.151895 0.059621 0.110241 -0.144917 0.0218 -0.0094 
0.244418 -0.0385077 -0.320173 0.946576 0.567355 0.772779 0.284467 -0.822573 0.547999 0.151893 0.0596207 0.110241 -0.144917 0.0092 -0.0218 
0.23157 0.303202 0.138753 -0.942771 0.500236 -0.86524 0.0335368 -0.811069 -0.481776 -0.331751 0.083315 0.0918913 -0.151012 0.0128 -0.0198 
0.0941361 -0.0385077 -0.320173 0.946576 0.567355 0.772779 0.284467 -0.822573 0.547999 0.151893 0.0298543 0.113712 -0.153287 0.0088 -0.0228 
0.0282568 0.3032 -0.138754 0.942771 0.500238 0.865238 -0.0335361 -0.811068 0.481778 0.33175 0.0833147 0.0918916 -0.151012 0.0194 -0.0132 
