#
4 4
0.002990 0.999690 0.024734 0.487653
0.977875 0.002251 -0.209177 0.176836
-0.209168 0.024812 -0.977565 1.057744
0.000000 0.000000 0.000000 1.000000
#
4 4
0.999666 0.007379 -0.024772 0.019106
-0.008083 0.999562 -0.028471 0.025222
0.024551 0.028662 0.999288 -0.010777
0 0 0 1
#
4 4
0.998929 -0.044652 0.012125 -0.006521
0.044474 0.998904 0.014571 -0.061720
-0.012762 -0.014016 0.999820 0.007569
0 0 0 1
